22 2375 2 2 7331 Main1
355 1161 2 2 6130 Main1
124 830 1 1 5880 Main1
125 1011 1 1 6262 Main1
133 619 1 1 5489 Main1
147 594 2 2 5578 Main1
239 703 2 3 5956 Main1
140 1774 2 2 6905 Main1
249 585 1 1 5815 Main1
113 717 2 2 5754 Main1
53 715 2 2 5633 Main1
231 659 2 3 5584 Main1
322 1264 2 2 6404 Main1
123 1326 1 1 6506 Main1
14 1322 1 1 6235 Main1
106 640 2 3 5559 Main1
277 1196 2 3 6136 Main1
285 427 2 2 5664 Main1
89 1330 2 2 6436 Main1
350 919 2 2 5930 Main1
220 1148 2 3 6296 Main1
83 757 1 1 5787 Main1
49 2139 2 2 7316 Main1
157 875 2 3 6014 Main1
295 753 2 2 5941 Main1
34 542 1 1 5651 Main1
12 600 1 1 5462 Main1
86 639 2 3 5770 Main1
315 847 2 2 6072 Main1
264 2226 2 2 7216 Main1
143 676 1 1 5623 Main1
174 791 2 2 5871 Main1
335 539 1 1 5429 Main1
260 986 2 2 5872 Main1
241 854 1 1 5976 Main1
313 388 1 1 5436 Main1
18 588 2 2 5557 Main1
337 522 1 1 5622 Main1
43 575 2 3 5475 Main1
182 616 1 1 5537 Main1
316 399 2 3 5390 Main1
93 2062 1 1 7083 Main1
165 1077 1 1 6018 Main1
121 1460 1 1 6422 Main1
176 683 2 3 5869 Main1
88 2360 2 3 7430 Main1
276 469 1 1 5349 Main1
170 838 1 1 5887 Main1
178 1824 1 1 6791 Main1
40 1633 1 1 6773 Main1
148 2183 2 2 7111 Main1
54 455 1 1 5656 Main1
73 729 1 1 5809 Main1
3 1598 1 1 6766 Main1
136 529 2 3 5676 Main1
115 1860 2 2 7100 Main1
184 810 1 1 5751 Main1
58 588 2 3 5469 Main1
354 1431 2 2 6628 Main1
221 5008 2 2 10018 Main1
203 1620 2 3 6649 Main2
21 1228 2 3 6160 Main2
150 1151 2 2 6431 Main2
16 472 2 3 5582 Main2
327 1282 1 1 6473 Main2
79 612 1 1 5892 Main2
157 666 1 1 5816 Main2
298 461 2 3 5606 Main2
5 505 1 1 5755 Main2
110 764 1 1 5993 Main2
280 519 1 1 5630 Main2
69 563 1 1 5813 Main2
214 627 1 1 5786 Main2
226 481 2 3 5384 Main2
224 764 1 1 5843 Main2
342 578 1 1 5479 Main2
107 720 2 2 5801 Main2
180 495 2 2 5735 Main2
287 771 1 1 5700 Main2
316 332 2 3 5501 Main2
2 607 1 1 5779 Main2
306 306 1 1 5411 Main2
25 448 2 2 5430 Main2
48 394 2 2 5637 Main2
96 366 1 1 5593 Main2
32 483 1 1 5520 Main2
127 990 2 3 6209 Main2
227 342 1 1 5526 Main2
211 414 2 2 5434 Main2
4 513 1 1 5663 Main2
64 502 1 1 5522 Main2
165 526 2 3 5493 Main2
3 542 1 1 5452 Main2
315 757 1 1 5929 Main2
111 968 2 3 5964 Main2
132 432 2 3 5352 Main2
215 456 1 1 5394 Main2
252 430 2 3 5649 Main2
28 260 2 3 5463 Main2
46 466 2 3 5666 Main2
78 279 2 2 5199 Main2
288 514 1 1 5568 Main2
233 644 2 3 5694 Main2
218 419 1 1 5501 Main2
129 578 1 1 5788 Main2
97 821 2 2 5989 Main2
208 326 2 3 5345 Main2
291 395 2 3 5560 Main2
305 203 1 1 5289 Main2
237 286 2 3 5493 Main2
52 563 2 3 5522 Main2
155 603 1 1 5843 Main2
213 327 1 1 5277 Main2
33 822 1 1 5842 Main2
76 398 2 3 5560 Main2
105 605 1 1 5767 Main2
332 1459 2 2 6506 Main2
176 148 2 2 5289 Main2
31 1081 1 1 6252 Main2
26 564 1 1 5584 Main2
103 368 1 1 5324 Main3
342 1079 1 1 6210 Main3
235 386 2 2 5626 Main3
344 352 1 1 5612 Main3
230 341 1 1 5282 Main3
214 324 1 1 5535 Main3
102 405 1 1 5635 Main3
96 1608 2 2 6729 Main3
7 937 2 3 5839 Main3
177 455 2 2 5565 Main3
264 1073 2 3 6005 Main3
70 676 1 1 5622 Main3
276 555 1 1 5625 Main3
271 420 1 1 5552 Main3
286 541 2 3 5741 Main3
63 371 1 1 5669 Main3
111 1612 2 2 6682 Main3
62 676 1 1 5760 Main3
351 672 1 1 5559 Main3
326 1201 1 1 6124 Main3
75 721 1 1 5672 Main3
69 1555 1 1 6776 Main3
308 637 1 1 5706 Main3
197 1279 1 1 6199 Main3
120 498 1 1 5375 Main3
219 558 1 1 5746 Main3
166 464 2 3 5384 Main3
138 438 2 2 5718 Main3
14 471 1 1 5614 Main3
5 371 1 1 5340 Main3
176 1247 2 2 6369 Main3
200 562 1 1 5692 Main3
316 375 2 3 5460 Main3
84 1167 2 2 6155 Main3
88 744 2 3 5775 Main3
148 1820 2 2 6738 Main3
124 596 1 1 5657 Main3
121 993 1 1 6243 Main3
179 820 2 3 5751 Main3
338 433 1 1 5425 Main3
43 749 2 2 5845 Main3
122 413 1 1 5643 Main3
37 415 2 3 5566 Main3
140 400 1 1 5450 Main3
160 419 1 1 5339 Main3
64 359 1 1 5299 Main3
41 708 1 1 5732 Main3
283 441 1 1 5571 Main3
205 291 2 2 5212 Main3
250 564 1 1 5715 Main3
118 701 1 1 5937 Main3
29 2160 1 1 7122 Main3
275 510 1 1 5710 Main3
109 747 1 1 5917 Main3
72 1374 2 2 6304 Main3
354 581 2 3 5790 Main3
40 516 1 1 5736 Main3
232 1877 2 2 6863 Main3
210 461 2 2 5441 Main3
217 1746 1 1 6660 Main3
265 439 2 2 5474 Main4
9 498 1 1 5678 Main4
28 334 2 3 5576 Main4
251 269 2 2 5437 Main4
72 1461 2 2 6574 Main4
226 906 2 3 5916 Main4
10 453 1 1 5332 Main4
316 572 2 3 5692 Main4
298 470 2 3 5471 Main4
97 712 2 3 5668 Main4
146 543 1 1 5713 Main4
290 777 1 1 5717 Main4
337 723 2 3 5829 Main4
38 418 1 1 5339 Main4
223 647 1 1 5678 Main4
62 541 1 1 5748 Main4
96 2319 2 2 7331 Main4
87 1193 2 3 6076 Main4
347 567 1 1 5612 Main4
261 992 2 3 6221 Main4
112 928 2 3 5875 Main4
197 538 1 1 5529 Main4
262 323 2 2 5393 Main4
210 1699 1 1 6925 Main4
154 452 1 1 5531 Main4
22 1444 2 2 6383 Main4
232 791 2 2 5948 Main4
280 728 1 1 5849 Main4
288 144 2 2 5393 Main4
311 390 2 2 5454 Main4
128 592 1 1 5570 Main4
6 540 1 1 5454 Main4
20 624 1 1 5775 Main4
294 613 2 2 5604 Main4
36 293 1 1 5434 Main4
186 430 1 1 5491 Main4
317 512 1 1 5811 Main4
29 801 2 2 5733 Main4
180 259 2 2 5349 Main4
225 373 2 2 5297 Main4
23 337 2 2 5335 Main4
108 647 2 2 5615 Main4
219 587 1 1 5877 Main4
59 926 2 3 6027 Main4
66 281 1 1 5216 Main4
174 451 2 2 5487 Main4
346 438 2 3 5520 Main4
274 606 1 1 5495 Main4
43 553 1 1 5520 Main4
122 302 1 1 5318 Main4
161 346 2 2 5536 Main4
242 929 1 1 5955 Main4
65 277 1 1 5149 Main4
303 262 1 1 5368 Main4
238 1586 2 2 6867 Main4
123 437 1 1 5587 Main4
286 316 2 3 5281 Main4
158 458 1 1 5548 Main4
254 327 1 1 5498 Main4
166 264 2 3 5201 Main4
183 371 1 1 5476 Main5
141 382 2 3 5344 Main5
142 408 2 2 5438 Main5
333 505 1 1 5766 Main5
256 301 2 3 5268 Main5
317 169 1 1 5279 Main5
122 572 1 1 5727 Main5
103 513 1 1 5707 Main5
161 578 2 2 5806 Main5
119 575 2 3 5744 Main5
326 182 2 2 5142 Main5
315 482 1 1 5542 Main5
192 2317 2 2 7268 Main5
165 544 2 3 5455 Main5
11 256 2 2 5161 Main5
259 874 1 1 5780 Main5
123 594 1 1 5864 Main5
176 381 1 1 5562 Main5
159 301 1 1 5301 Main5
324 1465 2 2 6501 Main5
149 1337 1 1 6353 Main5
29 1407 1 1 6508 Main5
8 573 1 1 5772 Main5
230 2524 1 1 7674 Main5
13 4027 1 1 8892 Main5
321 335 2 3 5265 Main5
20 526 1 1 5546 Main5
137 279 1 1 5225 Main5
360 487 1 1 5647 Main5
301 334 2 2 5368 Main5
347 330 1 1 5517 Main5
275 109 1 1 5216 Main5
204 725 2 3 5825 Main5
93 625 1 1 5675 Main5
73 1942 2 2 7132 Main5
198 278 2 2 5329 Main5
267 1420 1 1 6312 Main5
133 312 1 1 5521 Main5
260 305 1 1 5494 Main5
37 386 1 1 5590 Main5
303 684 1 1 5865 Main5
61 493 1 1 5732 Main5
87 628 2 3 5784 Main5
50 338 1 1 5479 Main5
42 1620 1 1 6739 Main5
138 112 2 2 5112 Main5
297 476 1 1 5635 Main5
314 799 1 1 5999 Main5
160 485 1 1 5594 Main5
167 586 1 1 5857 Main5
171 340 2 2 5448 Main5
334 672 1 1 5762 Main5
104 224 1 1 5270 Main5
94 265 1 1 5395 Main5
295 710 2 2 5820 Main5
7 444 1 1 5454 Main5
231 870 2 3 5793 Main5
354 1820 1 1 6830 Main5
67 662 2 3 5752 Main5
49 109 1 1 5140 Main5
179 948 1 1 5857 Main6
292 621 2 2 5563 Main6
76 553 2 3 5452 Main6
318 247 2 2 5497 Main6
75 283 1 1 5342 Main6
313 618 1 1 5707 Main6
280 573 1 1 5502 Main6
79 300 1 1 5252 Main6
282 476 2 2 5363 Main6
105 287 1 1 5326 Main6
202 579 2 2 5516 Main6
96 518 1 1 5548 Main6
1 525 1 1 5827 Main6
44 1986 1 1 7078 Main6
48 269 2 2 5489 Main6
13 293 1 1 5533 Main6
49 979 2 3 5969 Main6
253 387 1 1 5347 Main6
131 475 2 2 5658 Main6
16 404 2 3 5324 Main6
149 1746 1 1 6946 Main6
320 121 2 3 5150 Main6
278 1721 1 1 6972 Main6
175 429 2 2 5664 Main6
220 435 1 1 5546 Main6
50 557 1 1 5723 Main6
312 552 2 2 5812 Main6
207 395 2 3 5614 Main6
222 583 2 2 5483 Main6
69 395 1 1 5445 Main6
27 492 2 3 5612 Main6
250 375 1 1 5411 Main6
345 546 1 1 5495 Main6
228 134 2 2 5195 Main6
324 2374 2 3 7624 Main6
63 416 1 1 5684 Main6
257 416 1 1 5643 Main6
10 590 1 1 5870 Main6
241 618 1 1 5768 Main6
201 486 2 3 5773 Main6
353 345 2 3 5342 Main6
227 655 1 1 5642 Main6
204 347 2 3 5274 Main6
317 280 1 1 5490 Main6
126 527 1 1 5637 Main6
132 272 2 2 5452 Main6
99 625 1 1 5575 Main6
73 355 1 1 5371 Main6
59 211 2 3 5310 Main6
24 392 2 3 5463 Main6
127 1154 1 1 6054 Main6
309 463 1 1 5623 Main6
68 159 1 1 5420 Main6
212 491 1 1 5683 Main6
7 501 2 3 5631 Main6
147 778 2 2 5987 Main6
252 578 1 1 5678 Main6
54 313 2 3 5195 Main6
254 236 2 3 5422 Main6
106 305 2 3 5365 Main6
