136 3600 2 3 8602 Main1
256 2226 2 3 7129 Main1
146 3221 1 1 8164 Main1
185 1263 1 1 6411 Main1
182 1783 1 1 6882 Main1
206 1366 1 1 6540 Main1
91 1482 1 1 6694 Main1
349 1543 2 3 6747 Main1
57 1287 2 3 6105 Main1
258 1206 2 3 6383 Main1
304 2362 1 1 7349 Main1
334 1544 1 1 6557 Main1
84 1107 1 1 6027 Main1
166 1228 2 3 6215 Main1
280 1085 1 1 6011 Main1
80 1584 2 2 6797 Main1
140 2013 1 1 7206 Main1
249 1316 1 1 6354 Main1
60 1143 2 2 6095 Main1
15 1840 2 3 6823 Main1
194 1942 2 3 7005 Main1
1 1576 2 2 6569 Main1
78 1115 1 1 6096 Main1
247 1002 2 2 6076 Main1
241 1119 2 3 6075 Main1
45 1510 1 1 6501 Main1
81 1631 2 3 6599 Main1
297 1200 1 1 6020 Main1
139 1025 1 1 5979 Main1
250 2464 2 2 7510 Main1
168 938 1 1 6097 Main1
11 1002 2 3 6220 Main1
239 2144 2 2 7270 Main1
130 1157 2 2 6197 Main1
305 1572 1 1 6754 Main1
94 1753 2 3 6629 Main1
219 1312 1 1 6447 Main1
147 1022 2 2 6099 Main1
179 1125 1 1 6031 Main1
125 1248 1 1 6269 Main1
301 1507 1 1 6713 Main1
205 1359 2 3 6300 Main1
189 1471 1 1 6635 Main1
93 1700 2 2 6641 Main1
134 1702 2 3 6761 Main1
30 815 2 2 5957 Main1
338 1088 2 2 6179 Main1
173 1618 2 3 6685 Main1
295 1666 2 3 6724 Main1
151 3452 2 3 8389 Main1
293 1618 1 1 6733 Main1
231 1296 1 1 6483 Main1
321 1088 1 1 5985 Main1
133 1916 1 1 6992 Main1
188 890 2 2 5935 Main1
9 960 1 1 6127 Main1
326 1307 2 3 6426 Main1
117 1636 1 1 6592 Main1
300 10000 3 1 14845 Main1
27 2326 2 2 7520 Main1
182 2208 1 1 7116 Main2
141 1832 1 1 6932 Main2
170 1546 1 1 6681 Main2
25 817 1 1 5986 Main2
339 840 1 1 5665 Main2
48 1375 2 2 6394 Main2
38 787 2 2 5611 Main2
235 1636 2 2 6683 Main2
22 1160 1 1 6230 Main2
248 717 2 2 5895 Main2
4 1235 2 3 6100 Main2
303 1425 2 3 6271 Main2
165 1084 2 3 6146 Main2
241 1394 2 3 6487 Main2
341 1439 1 1 6477 Main2
345 1284 1 1 6129 Main2
305 791 1 1 5710 Main2
21 1028 2 3 6212 Main2
93 1677 1 1 6828 Main2
231 1336 2 2 6273 Main2
274 2145 1 1 7078 Main2
18 664 2 2 5764 Main2
117 784 1 1 5836 Main2
138 1040 1 1 6206 Main2
124 703 2 3 5519 Main2
20 912 1 1 5793 Main2
114 884 2 3 5704 Main2
273 1756 2 3 6939 Main2
260 1243 1 1 6091 Main2
271 1013 2 3 5888 Main2
10 1219 2 2 6110 Main2
346 980 2 3 6082 Main2
295 1373 1 1 6387 Main2
154 875 1 1 6015 Main2
65 1055 1 1 5899 Main2
349 1104 1 1 6251 Main2
325 1514 2 3 6718 Main2
162 1058 2 3 6067 Main2
140 1747 2 2 6873 Main2
164 1519 1 1 6687 Main2
91 1061 2 3 5998 Main2
125 824 1 1 5946 Main2
109 801 2 3 5626 Main2
142 915 1 1 5739 Main2
220 766 2 2 5809 Main2
104 793 2 2 5934 Main2
254 883 2 3 5879 Main2
92 1178 2 3 6074 Main2
183 998 1 1 5980 Main2
69 825 1 1 5758 Main2
75 821 2 3 5819 Main2
252 1181 1 1 6323 Main2
285 1083 2 3 6256 Main2
102 1199 1 1 6185 Main2
300 661 1 1 5735 Main2
168 1101 1 1 6087 Main2
66 1191 1 1 6349 Main2
198 1090 2 2 5967 Main2
137 1417 2 2 6356 Main2
186 1283 2 2 6236 Main2
350 2284 2 3 7314 Main3
209 1073 1 1 6228 Main3
82 1200 1 1 6215 Main3
327 873 1 1 5897 Main3
134 1157 1 1 6344 Main3
103 1079 1 1 6135 Main3
270 1089 1 1 6088 Main3
214 965 1 1 6120 Main3
359 756 1 1 5858 Main3
7 1276 2 3 6347 Main3
258 1055 2 2 6001 Main3
33 840 1 1 5735 Main3
271 1022 2 3 5893 Main3
152 1157 2 3 6167 Main3
145 1349 1 1 6303 Main3
56 1101 2 2 6296 Main3
299 1131 2 2 6336 Main3
147 838 1 1 5688 Main3
273 680 1 1 5788 Main3
65 1223 1 1 6204 Main3
58 874 1 1 5720 Main3
39 1277 1 1 6161 Main3
49 1433 2 2 6401 Main3
132 1729 2 3 6854 Main3
324 1317 1 1 6231 Main3
326 845 1 1 5686 Main3
318 672 2 2 5693 Main3
140 870 2 2 5975 Main3
83 1124 2 2 5977 Main3
53 1422 2 2 6489 Main3
315 1560 2 3 6761 Main3
263 10000 3 1 15204 Main3
45 1142 2 3 6204 Main3
254 860 2 3 5950 Main3
256 709 2 3 5785 Main3
221 1457 1 1 6661 Main3
111 962 2 2 5817 Main3
36 1367 2 2 6322 Main3
19 746 2 2 5711 Main3
232 972 1 1 6002 Main3
24 978 1 1 6030 Main3
52 10000 3 1 15005 Main3
163 891 1 1 5896 Main3
35 732 1 1 5582 Main3
243 994 1 1 6068 Main3
62 1018 2 3 6197 Main3
86 1303 2 3 6319 Main3
21 10000 3 1 15011 Main3
175 1592 1 1 6720 Main3
329 1066 1 1 6189 Main3
181 5823 2 2 10753 Main3
306 797 2 2 5827 Main3
303 1081 1 1 5960 Main3
290 10000 3 1 14964 Main3
30 777 1 1 5812 Main3
352 1264 1 1 6459 Main3
319 915 1 1 6086 Main3
9 759 1 1 5873 Main3
304 567 1 1 5689 Main3
118 1571 1 1 6742 Main3
177 853 1 1 5987 Main4
337 1114 2 3 6276 Main4
260 871 1 1 5789 Main4
70 1930 2 2 6883 Main4
77 787 2 2 5759 Main4
25 1053 1 1 6149 Main4
293 1404 2 2 6574 Main4
122 1357 2 2 6493 Main4
104 10000 3 1 14878 Main4
316 1106 2 3 6259 Main4
108 1238 2 2 6251 Main4
52 1975 1 1 7169 Main4
312 1829 2 2 7012 Main4
328 2359 2 2 7269 Main4
250 1699 2 3 6650 Main4
98 5025 2 3 9875 Main4
118 1168 2 2 6151 Main4
205 10000 3 1 15004 Main4
221 10000 3 1 15065 Main4
259 1123 1 1 5977 Main4
229 1617 2 2 6533 Main4
213 10000 3 1 15183 Main4
151 5909 2 3 11009 Main4
21 10000 3 1 14973 Main4
331 786 2 3 5797 Main4
5 1461 1 1 6340 Main4
173 10000 3 1 15128 Main4
187 10000 3 1 15053 Main4
49 10000 3 1 15174 Main4
150 728 2 2 5723 Main4
253 7096 2 3 11969 Main4
131 1649 2 3 6540 Main4
126 9809 2 3 14624 Main4
132 10000 3 1 14861 Main4
201 1063 2 3 6061 Main4
18 6803 2 3 11831 Main4
239 8492 2 3 13501 Main4
283 1000 2 2 5943 Main4
54 2449 1 1 7439 Main4
227 10000 3 1 14927 Main4
230 936 1 1 5761 Main4
66 10000 3 1 15045 Main4
161 1894 1 1 7009 Main4
148 4862 2 3 9895 Main4
288 10000 3 1 15016 Main4
84 10000 3 1 14876 Main4
59 1148 1 1 6244 Main4
195 6870 2 2 11879 Main4
188 1852 2 2 6969 Main4
165 9697 2 2 14525 Main4
111 1117 1 1 6130 Main4
89 10000 3 1 14863 Main4
128 980 2 2 6045 Main4
44 10000 3 1 15205 Main4
309 10000 3 1 15077 Main4
319 2511 2 3 7663 Main4
282 6522 2 3 11653 Main4
178 4642 2 3 9628 Main4
153 721 1 1 5544 Main4
139 8831 2 2 13760 Main4
182 1479 2 3 6439 Main5
137 1605 2 3 6570 Main5
14 1627 1 1 6574 Main5
43 1257 2 2 6136 Main5
214 1853 1 1 6981 Main5
27 5895 2 3 11086 Main5
143 1150 1 1 5991 Main5
335 769 1 1 5729 Main5
196 788 2 3 5661 Main5
298 8839 2 2 13894 Main5
236 3142 1 1 8193 Main5
81 1792 1 1 7006 Main5
89 1870 2 3 7082 Main5
249 1074 1 1 6137 Main5
48 8994 1 1 13821 Main5
211 980 2 3 5886 Main5
239 10000 3 1 14852 Main5
287 733 2 2 5854 Main5
11 1143 1 1 6297 Main5
234 1050 1 1 6153 Main5
204 1815 1 1 6692 Main5
183 1099 1 1 6241 Main5
111 2101 2 2 7155 Main5
359 1441 2 3 6304 Main5
69 1147 1 1 6128 Main5
216 1638 2 3 6649 Main5
124 1307 2 3 6510 Main5
226 1081 2 3 6082 Main5
315 1157 2 3 6089 Main5
7 1396 2 2 6374 Main5
38 881 2 2 5913 Main5
275 603 1 1 5787 Main5
110 1156 2 2 6124 Main5
232 1151 2 2 6168 Main5
4 1292 1 1 6286 Main5
78 6618 2 3 11559 Main5
102 1116 1 1 5997 Main5
171 1658 1 1 6747 Main5
169 1828 1 1 7011 Main5
162 1605 1 1 6491 Main5
161 10000 3 1 15118 Main5
241 1052 2 3 6030 Main5
272 1482 2 3 6362 Main5
312 1510 2 2 6501 Main5
203 1627 1 1 6804 Main5
8 1062 2 2 6191 Main5
152 5096 2 2 10243 Main5
286 815 2 3 5819 Main5
31 1545 2 2 6700 Main5
337 10000 3 1 15154 Main5
41 1187 1 1 6036 Main5
75 1273 1 1 6143 Main5
317 10000 3 1 14840 Main5
25 1297 1 1 6171 Main5
292 1980 1 1 6862 Main5
282 10000 3 1 15108 Main5
49 1201 2 2 6034 Main5
270 7645 2 2 12723 Main5
230 4162 2 3 9058 Main5
290 10000 3 1 15021 Main5
69 1284 1 1 6149 Main6
5 2281 1 1 7244 Main6
270 1306 1 1 6440 Main6
116 2465 2 3 7667 Main6
37 1010 2 2 6104 Main6
193 2491 2 2 7572 Main6
110 1477 1 1 6448 Main6
359 1404 2 2 6457 Main6
130 1244 2 2 6077 Main6
327 2886 2 2 8087 Main6
139 3615 2 3 8810 Main6
16 1805 2 3 6947 Main6
154 1631 1 1 6835 Main6
71 1585 1 1 6570 Main6
243 2938 1 1 8148 Main6
78 906 1 1 5886 Main6
301 1375 2 2 6233 Main6
96 1109 2 2 6082 Main6
324 1384 1 1 6201 Main6
28 1146 1 1 6127 Main6
196 945 2 3 5819 Main6
241 1370 2 3 6402 Main6
302 1217 2 2 6373 Main6
113 1070 1 1 6236 Main6
230 933 1 1 5978 Main6
248 1179 2 2 6190 Main6
177 1790 1 1 6983 Main6
351 2116 2 3 7228 Main6
54 2142 1 1 7029 Main6
89 4659 1 1 9717 Main6
299 1581 2 3 6783 Main6
88 2811 2 3 7843 Main6
118 10000 3 1 14864 Main6
300 1299 1 1 6126 Main6
254 2753 1 1 7704 Main6
255 10000 3 1 14827 Main6
122 7560 2 2 12655 Main6
161 10000 3 1 14900 Main6
209 10000 3 1 15095 Main6
85 10000 3 1 14987 Main6
215 10000 3 1 15153 Main6
146 9380 1 1 14355 Main6
354 3527 1 1 8522 Main6
148 10000 3 1 14982 Main6
235 10000 3 1 15035 Main6
128 10000 3 1 15196 Main6
58 9150 2 3 14234 Main6
62 7121 1 1 12233 Main6
32 10000 3 1 15066 Main6
15 10000 3 1 14984 Main6
40 10000 3 1 14978 Main6
290 10000 3 1 15074 Main6
8 10000 3 1 15209 Main6
242 10000 3 1 14850 Main6
273 10000 3 1 14834 Main6
239 1752 2 2 6848 Main6
145 1117 1 1 6252 Main6
344 2586 2 2 7501 Main6
320 1229 1 1 6208 Main6
162 1760 2 2 6717 Main6
