333 7741 1 1 12627 Main1
172 4569 2 3 9504 Main1
38 3005 2 3 8023 Main1
69 4422 1 1 9615 Main1
152 3493 2 2 8568 Main1
61 3004 1 1 7912 Main1
132 1774 2 2 6961 Main1
167 4821 2 2 9999 Main1
242 6282 1 1 11368 Main1
274 864 1 1 6095 Main1
240 3025 2 3 7999 Main1
230 1840 1 1 6792 Main1
10 3176 1 1 8366 Main1
75 1665 2 2 6761 Main1
19 3127 2 2 7984 Main1
107 1845 1 1 7032 Main1
270 10000 3 1 15151 Main1
170 2494 2 3 7585 Main1
131 2396 2 2 7321 Main1
227 2688 1 1 7912 Main1
323 4061 1 1 9024 Main1
231 691 2 2 5616 Main1
30 1972 2 3 6896 Main1
237 781 2 2 5960 Main1
282 2242 1 1 7224 Main1
221 1856 2 2 7072 Main1
287 2359 1 1 7192 Main1
158 722 1 1 5776 Main1
24 1305 2 3 6232 Main1
195 646 2 2 5608 Main1
213 1173 1 1 6104 Main1
9 1514 2 2 6720 Main1
210 460 2 3 5456 Main1
358 1668 2 3 6511 Main1
165 691 2 2 5904 Main1
83 1006 2 3 6128 Main1
156 3619 2 3 8568 Main1
359 743 2 2 5791 Main1
353 1370 2 3 6201 Main1
56 966 2 3 5935 Main1
111 1671 2 2 6736 Main1
74 692 1 1 5921 Main1
180 3824 2 3 8968 Main1
70 1472 1 1 6591 Main1
81 757 2 2 5737 Main1
99 574 2 3 5744 Main1
344 723 1 1 5943 Main1
314 798 1 1 5951 Main1
84 785 1 1 5751 Main1
279 1012 2 3 5928 Main1
142 586 2 2 5817 Main1
360 637 2 3 5799 Main1
7 765 2 3 5841 Main1
273 1263 2 2 6288 Main1
326 1620 2 3 6544 Main1
109 596 1 1 5792 Main1
41 607 2 2 5760 Main1
352 494 2 2 5398 Main1
138 3238 1 1 8192 Main1
13 908 1 1 6111 Main1
158 706 1 1 5646 Main2
125 4849 1 1 9736 Main2
223 577 1 1 5687 Main2
5 721 1 1 5712 Main2
354 654 2 3 5608 Main2
207 2188 2 2 7408 Main2
82 737 2 2 5968 Main2
134 3500 1 1 8616 Main2
221 674 2 2 5887 Main2
261 878 2 2 6032 Main2
168 593 1 1 5840 Main2
240 1068 2 3 6104 Main2
20 3526 2 2 8665 Main2
18 447 1 1 5678 Main2
133 1061 1 1 5919 Main2
254 590 1 1 5809 Main2
283 634 1 1 5784 Main2
301 610 1 1 5696 Main2
105 742 2 2 5831 Main2
43 668 1 1 5569 Main2
15 308 2 2 5391 Main2
258 4094 1 1 9249 Main2
190 603 1 1 5752 Main2
342 745 1 1 5896 Main2
353 543 2 3 5471 Main2
97 1348 2 3 6256 Main2
209 686 2 2 5600 Main2
163 716 2 3 5744 Main2
174 722 2 2 5928 Main2
51 674 2 2 5672 Main2
173 1658 2 3 6648 Main2
22 601 2 2 5776 Main2
92 563 1 1 5600 Main2
35 804 1 1 6040 Main2
64 1896 2 2 6904 Main2
199 753 1 1 5831 Main2
110 735 1 1 5817 Main2
33 574 2 2 5536 Main2
176 566 2 3 5464 Main2
348 711 1 1 5639 Main2
144 1231 1 1 6216 Main2
80 748 1 1 5712 Main2
259 501 2 2 5359 Main2
172 1395 2 3 6328 Main2
314 925 1 1 5801 Main2
189 1980 2 3 7120 Main2
120 829 2 3 6024 Main2
293 1045 2 2 5944 Main2
36 623 2 3 5511 Main2
220 1025 1 1 6017 Main2
135 668 2 2 5776 Main2
183 1196 2 2 6272 Main2
73 707 1 1 5688 Main2
202 484 2 2 5711 Main2
90 1350 2 3 6457 Main2
181 449 1 1 5656 Main2
167 748 2 2 5960 Main2
44 739 1 1 5840 Main2
326 770 2 3 5888 Main2
165 386 2 2 5504 Main2
33 2358 2 3 7310 Main3
91 501 1 1 5440 Main3
277 2448 2 2 7584 Main3
318 1556 2 2 6728 Main3
346 893 2 3 6096 Main3
83 462 1 1 5424 Main3
266 753 2 3 5848 Main3
123 697 2 2 5848 Main3
232 1014 2 2 6255 Main3
218 757 2 2 5785 Main3
299 675 2 2 5600 Main3
157 1427 2 3 6367 Main3
216 1094 2 3 6312 Main3
102 508 1 1 5712 Main3
269 660 2 2 5736 Main3
328 853 2 3 5737 Main3
67 3344 2 3 8415 Main3
128 1112 1 1 6255 Main3
145 906 2 2 6040 Main3
77 3510 2 2 8535 Main3
329 425 2 2 5384 Main3
210 1472 2 3 6624 Main3
192 690 1 1 5920 Main3
121 648 1 1 5599 Main3
253 706 2 3 5648 Main3
272 447 2 2 5351 Main3
54 1052 1 1 6057 Main3
61 675 1 1 5574 Main3
163 739 1 1 5704 Main3
244 535 2 2 5728 Main3
224 1725 1 1 6792 Main3
221 619 2 2 5776 Main3
273 607 2 2 5656 Main3
17 3199 2 2 8256 Main3
298 600 2 3 5792 Main3
341 627 2 2 5753 Main3
93 587 2 2 5519 Main3
174 674 2 2 5584 Main3
5 845 1 1 5720 Main3
34 969 2 2 5984 Main3
72 443 1 1 5384 Main3
193 625 1 1 5592 Main3
134 2246 2 3 7400 Main3
334 673 2 2 5768 Main3
323 1466 1 1 6632 Main3
252 2557 2 3 7448 Main3
4 1668 2 3 6608 Main3
88 602 1 1 5561 Main3
82 745 2 2 5669 Main3
290 2179 1 1 7240 Main3
186 274 2 2 5360 Main3
8 560 1 1 5408 Main3
326 580 2 3 5455 Main3
169 1780 1 1 6678 Main3
131 822 2 2 5976 Main3
275 858 1 1 5824 Main3
231 665 2 2 5735 Main3
110 517 1 1 5472 Main3
248 791 1 1 5832 Main3
24 1337 1 1 6400 Main3
259 2915 2 2 8080 Main4
111 525 2 2 5464 Main4
237 380 1 1 5551 Main4
230 610 1 1 5697 Main4
292 682 2 2 5624 Main4
127 487 2 3 5336 Main4
155 256 1 1 5120 Main4
70 1048 1 1 6225 Main4
150 583 2 3 5639 Main4
298 2348 2 3 7368 Main4
16 654 2 3 5784 Main4
41 852 2 2 6048 Main4
303 502 2 2 5440 Main4
280 1085 1 1 6064 Main4
90 744 2 3 5744 Main4
359 671 2 2 5639 Main4
317 631 1 1 5648 Main4
42 525 1 1 5752 Main4
304 608 2 2 5736 Main4
85 639 2 2 5880 Main4
19 884 2 2 5991 Main4
308 782 1 1 5807 Main4
22 936 2 2 5808 Main4
157 1022 2 3 6096 Main4
174 663 2 2 5600 Main4
74 712 1 1 5600 Main4
328 633 2 3 5647 Main4
289 919 2 2 5895 Main4
282 1630 1 1 6561 Main4
172 909 1 1 5847 Main4
3 1130 2 3 6152 Main4
112 839 2 3 5847 Main4
189 647 2 3 5808 Main4
223 607 1 1 5583 Main4
357 921 2 2 5968 Main4
143 1749 2 3 6888 Main4
75 811 2 2 5912 Main4
181 813 1 1 5880 Main4
115 457 2 2 5448 Main4
48 1565 2 2 6553 Main4
30 587 2 3 5799 Main4
98 755 1 1 5888 Main4
9 3037 2 2 8248 Main4
86 500 2 3 5366 Main4
337 652 2 3 5857 Main4
12 501 2 3 5440 Main4
132 554 2 3 5480 Main4
158 526 1 1 5456 Main4
326 542 2 3 5591 Main4
27 2330 2 2 7335 Main4
173 603 1 1 5808 Main4
241 693 1 1 5881 Main4
341 685 2 2 5831 Main4
219 686 2 3 5744 Main4
250 652 1 1 5640 Main4
319 1011 1 1 6176 Main4
153 997 2 2 5984 Main4
65 746 1 1 5824 Main4
268 651 2 3 5712 Main4
226 402 2 3 5608 Main4
94 562 2 2 5576 Main5
239 535 2 2 5536 Main5
62 961 2 2 5985 Main5
211 620 1 1 5855 Main5
208 871 2 3 6072 Main5
267 637 2 2 5656 Main5
184 3497 2 3 8649 Main5
288 1175 1 1 6247 Main5
326 582 2 3 5800 Main5
33 630 2 3 5767 Main5
44 1566 1 1 6671 Main5
217 819 2 3 6048 Main5
165 688 2 2 5744 Main5
210 288 2 3 5129 Main5
17 1036 2 2 5983 Main5
100 978 1 1 6016 Main5
136 488 2 3 5488 Main5
233 644 2 3 5664 Main5
182 857 2 2 5816 Main5
302 5487 2 2 10489 Main5
128 717 1 1 5822 Main5
313 822 1 1 5809 Main5
230 608 1 1 5792 Main5
270 538 2 3 5543 Main5
176 907 2 3 6087 Main5
81 667 2 2 5631 Main5
138 6243 2 2 11320 Main5
158 1429 1 1 6351 Main5
246 6047 2 3 11024 Main5
71 625 2 2 5824 Main5
166 617 2 3 5687 Main5
152 1528 2 3 6632 Main5
311 541 2 2 5736 Main5
99 1206 2 3 6344 Main5
137 1670 2 2 6823 Main5
354 580 2 3 5480 Main5
228 388 1 1 5312 Main5
202 561 2 2 5624 Main5
102 525 1 1 5416 Main5
322 1277 2 2 6288 Main5
251 722 2 2 5600 Main5
234 447 2 3 5400 Main5
245 707 1 1 5854 Main5
167 547 1 1 5784 Main5
275 635 1 1 5736 Main5
87 627 2 2 5600 Main5
300 509 2 3 5480 Main5
47 608 2 2 5840 Main5
79 1813 1 1 6920 Main5
168 864 1 1 6024 Main5
73 2677 2 3 7752 Main5
324 687 2 3 5825 Main5
76 677 2 3 5623 Main5
74 1038 1 1 6080 Main5
8 982 1 1 5976 Main5
72 760 1 1 5832 Main5
31 595 1 1 5704 Main5
214 664 2 2 5728 Main5
213 560 2 2 5744 Main5
90 418 2 3 5616 Main5
25 625 2 2 5714 Main6
18 1884 2 2 6865 Main6
270 363 2 3 5367 Main6
60 425 2 3 5360 Main6
345 706 2 2 5735 Main6
17 1633 2 2 6480 Main6
335 635 1 1 5696 Main6
274 523 2 3 5447 Main6
26 1591 2 3 6456 Main6
84 470 1 1 5600 Main6
286 415 2 3 5375 Main6
298 887 2 3 6073 Main6
213 2826 2 3 7976 Main6
195 1025 2 2 6048 Main6
75 646 2 2 5527 Main6
36 976 2 3 6065 Main6
171 590 2 2 5600 Main6
224 312 1 1 5535 Main6
165 631 2 2 5552 Main6
144 503 1 1 5369 Main6
217 692 2 3 5696 Main6
23 1329 2 3 6183 Main6
272 893 2 2 5792 Main6
20 736 1 1 5840 Main6
304 670 2 2 5520 Main6
305 693 1 1 5752 Main6
77 1286 2 2 6408 Main6
33 559 2 3 5792 Main6
329 594 2 2 5672 Main6
182 1706 2 2 6863 Main6
128 622 1 1 5665 Main6
308 765 1 1 5784 Main6
95 584 1 1 5544 Main6
223 653 1 1 5719 Main6
294 1634 2 3 6848 Main6
51 659 2 2 5673 Main6
291 718 2 2 5887 Main6
321 639 2 2 5760 Main6
276 1648 2 2 6824 Main6
136 629 2 3 5512 Main6
179 2407 2 2 7289 Main6
273 625 2 3 5728 Main6
254 1245 1 1 6303 Main6
204 590 2 3 5472 Main6
354 611 2 3 5488 Main6
158 598 1 1 5719 Main6
297 801 2 2 5896 Main6
121 638 1 1 5616 Main6
323 1187 2 3 6087 Main6
41 2045 1 1 6912 Main6
174 419 2 2 5623 Main6
248 621 1 1 5528 Main6
89 402 2 2 5304 Main6
40 646 1 1 5552 Main6
238 521 2 3 5392 Main6
215 501 1 1 5464 Main6
98 828 1 1 5744 Main6
331 847 1 1 5935 Main6
317 3291 2 2 8143 Main6
209 286 2 2 5377 Main6
