245 10000 3 1 15167 Main1
121 10000 3 1 14943 Main1
7 10000 3 1 15102 Main1
326 10000 3 1 14992 Main1
1 10000 3 1 15127 Main1
269 10000 3 1 14922 Main1
192 10000 3 1 15225 Main1
231 10000 3 1 14966 Main1
358 10000 3 1 15268 Main1
281 10000 3 1 15139 Main1
224 10000 3 1 15003 Main1
15 10000 3 1 15174 Main1
312 10000 3 1 14976 Main1
216 10000 3 1 15061 Main1
353 10000 3 1 14911 Main1
342 10000 3 1 15275 Main1
13 10000 3 1 15297 Main1
261 10000 3 1 14929 Main1
69 10000 3 1 14918 Main1
155 10000 3 1 14890 Main1
130 10000 3 1 15029 Main1
137 10000 3 1 15108 Main1
201 10000 3 1 15069 Main1
173 10000 3 1 14891 Main1
291 10000 3 1 15215 Main1
29 10000 3 1 14963 Main1
175 10000 3 1 15284 Main1
303 10000 3 1 15241 Main1
241 10000 3 1 15149 Main1
257 10000 3 1 14977 Main1
354 10000 3 1 15236 Main1
38 10000 3 1 15134 Main1
203 10000 3 1 15135 Main1
273 10000 3 1 15135 Main1
41 10000 3 1 15112 Main1
88 10000 3 1 15216 Main1
356 10000 3 1 15076 Main1
338 10000 3 1 15008 Main1
267 10000 3 1 15238 Main1
85 10000 3 1 14969 Main1
277 10000 3 1 14998 Main1
222 10000 3 1 15161 Main1
304 10000 3 1 15027 Main1
290 10000 3 1 15006 Main1
154 10000 3 1 15034 Main1
207 10000 3 1 15251 Main1
161 10000 3 1 14980 Main1
116 10000 3 1 15025 Main1
82 10000 3 1 15146 Main1
79 10000 3 1 15082 Main1
103 10000 3 1 14923 Main1
87 10000 3 1 15062 Main1
110 10000 3 1 15096 Main1
190 10000 3 1 14895 Main1
285 10000 3 1 14924 Main1
95 10000 3 1 15205 Main1
152 10000 3 1 14882 Main1
94 10000 3 1 15127 Main1
54 10000 3 1 15103 Main1
208 10000 3 1 15143 Main1
236 10000 3 1 15227 Main2
77 10000 3 1 15189 Main2
5 10000 3 1 14881 Main2
302 10000 3 1 15049 Main2
59 10000 3 1 15226 Main2
223 10000 3 1 14981 Main2
291 10000 3 1 15109 Main2
45 10000 3 1 15046 Main2
355 10000 3 1 15130 Main2
32 10000 3 1 15252 Main2
60 10000 3 1 14956 Main2
101 10000 3 1 15205 Main2
124 10000 3 1 15257 Main2
214 10000 3 1 15278 Main2
242 10000 3 1 15004 Main2
217 10000 3 1 15211 Main2
132 10000 3 1 14878 Main2
58 10000 3 1 15069 Main2
341 10000 3 1 14982 Main2
82 10000 3 1 15042 Main2
226 10000 3 1 14973 Main2
318 10000 3 1 15271 Main2
356 10000 3 1 15032 Main2
95 10000 3 1 15197 Main2
80 10000 3 1 15020 Main2
317 10000 3 1 15123 Main2
122 10000 3 1 14955 Main2
10 10000 3 1 14981 Main2
171 10000 3 1 14937 Main2
102 10000 3 1 15071 Main2
100 10000 3 1 15274 Main2
13 10000 3 1 15131 Main2
34 10000 3 1 15075 Main2
135 10000 3 1 14984 Main2
248 10000 3 1 15093 Main2
93 10000 3 1 15042 Main2
346 10000 3 1 15120 Main2
55 10000 3 1 15194 Main2
273 10000 3 1 14986 Main2
53 10000 3 1 15275 Main2
99 10000 3 1 15056 Main2
27 10000 3 1 15207 Main2
280 10000 3 1 14958 Main2
39 10000 3 1 15250 Main2
328 10000 3 1 15109 Main2
159 10000 3 1 15123 Main2
199 10000 3 1 15191 Main2
345 10000 3 1 14903 Main2
116 10000 3 1 15265 Main2
90 10000 3 1 15150 Main2
181 10000 3 1 14925 Main2
68 10000 3 1 14972 Main2
224 10000 3 1 14974 Main2
36 10000 3 1 15092 Main2
207 10000 3 1 15266 Main2
44 10000 3 1 15041 Main2
96 10000 3 1 15215 Main2
249 10000 3 1 15234 Main2
158 10000 3 1 14958 Main2
288 10000 3 1 14953 Main2
168 10000 3 1 15026 Main3
58 10000 3 1 15047 Main3
177 10000 3 1 15036 Main3
194 10000 3 1 15192 Main3
345 10000 3 1 14974 Main3
258 10000 3 1 14882 Main3
233 10000 3 1 15017 Main3
230 10000 3 1 15124 Main3
237 10000 3 1 15265 Main3
40 10000 3 1 15075 Main3
329 10000 3 1 14977 Main3
23 10000 3 1 15018 Main3
339 10000 3 1 14984 Main3
199 10000 3 1 14924 Main3
145 10000 3 1 14939 Main3
318 10000 3 1 14966 Main3
215 10000 3 1 15215 Main3
200 10000 3 1 15184 Main3
113 10000 3 1 14994 Main3
175 10000 3 1 15128 Main3
226 10000 3 1 14923 Main3
141 10000 3 1 15108 Main3
227 10000 3 1 15293 Main3
136 10000 3 1 15024 Main3
174 10000 3 1 15087 Main3
156 10000 3 1 15168 Main3
305 10000 3 1 15058 Main3
22 10000 3 1 15154 Main3
248 10000 3 1 15267 Main3
76 10000 3 1 14916 Main3
51 10000 3 1 15025 Main3
303 10000 3 1 15184 Main3
346 10000 3 1 15099 Main3
173 10000 3 1 15068 Main3
94 10000 3 1 15251 Main3
330 10000 3 1 15294 Main3
269 10000 3 1 15101 Main3
73 10000 3 1 15258 Main3
241 10000 3 1 15299 Main3
26 10000 3 1 15095 Main3
331 10000 3 1 15117 Main3
276 10000 3 1 14925 Main3
149 10000 3 1 15146 Main3
178 10000 3 1 15295 Main3
188 10000 3 1 15174 Main3
288 10000 3 1 14885 Main3
223 10000 3 1 15177 Main3
129 10000 3 1 15231 Main3
142 10000 3 1 15117 Main3
171 10000 3 1 14901 Main3
50 10000 3 1 15015 Main3
321 10000 3 1 14894 Main3
169 10000 3 1 14900 Main3
91 10000 3 1 15279 Main3
181 10000 3 1 14951 Main3
25 10000 3 1 15196 Main3
285 10000 3 1 15001 Main3
119 10000 3 1 14959 Main3
320 10000 3 1 15102 Main3
41 10000 3 1 14899 Main3
253 10000 3 1 15080 Main4
358 10000 3 1 15143 Main4
16 10000 3 1 15277 Main4
23 10000 3 1 15211 Main4
231 10000 3 1 15244 Main4
24 10000 3 1 15095 Main4
196 10000 3 1 15143 Main4
152 10000 3 1 14956 Main4
161 10000 3 1 14914 Main4
303 10000 3 1 15263 Main4
264 10000 3 1 15228 Main4
310 10000 3 1 15023 Main4
301 10000 3 1 15238 Main4
3 10000 3 1 14894 Main4
273 10000 3 1 15012 Main4
322 10000 3 1 15081 Main4
146 10000 3 1 15114 Main4
158 10000 3 1 15019 Main4
220 10000 3 1 15209 Main4
94 10000 3 1 15198 Main4
244 10000 3 1 15073 Main4
177 10000 3 1 15116 Main4
117 10000 3 1 15021 Main4
281 10000 3 1 15188 Main4
149 10000 3 1 14912 Main4
190 10000 3 1 15251 Main4
10 10000 3 1 15136 Main4
45 10000 3 1 15258 Main4
98 10000 3 1 14955 Main4
305 10000 3 1 15010 Main4
350 10000 3 1 15117 Main4
315 10000 3 1 15243 Main4
77 10000 3 1 15161 Main4
186 10000 3 1 15228 Main4
308 10000 3 1 15260 Main4
274 10000 3 1 15141 Main4
75 10000 3 1 15150 Main4
11 10000 3 1 15049 Main4
191 10000 3 1 15079 Main4
25 10000 3 1 14923 Main4
137 10000 3 1 15232 Main4
48 10000 3 1 15232 Main4
133 10000 3 1 15024 Main4
345 10000 3 1 15161 Main4
201 10000 3 1 14938 Main4
138 10000 3 1 14905 Main4
37 10000 3 1 15199 Main4
116 10000 3 1 15249 Main4
238 10000 3 1 15164 Main4
324 10000 3 1 15141 Main4
55 10000 3 1 14935 Main4
178 10000 3 1 15155 Main4
71 10000 3 1 15203 Main4
57 10000 3 1 15175 Main4
277 10000 3 1 14956 Main4
276 10000 3 1 15152 Main4
154 10000 3 1 15245 Main4
223 10000 3 1 15187 Main4
360 10000 3 1 15016 Main4
343 10000 3 1 15258 Main4
286 10000 3 1 15265 Main5
198 10000 3 1 15174 Main5
135 10000 3 1 15152 Main5
264 10000 3 1 15280 Main5
48 10000 3 1 15224 Main5
114 10000 3 1 15093 Main5
235 10000 3 1 15313 Main5
111 10000 3 1 15297 Main5
271 10000 3 1 15127 Main5
336 10000 3 1 15205 Main5
258 10000 3 1 15052 Main5
299 10000 3 1 14936 Main5
227 10000 3 1 15262 Main5
121 10000 3 1 14962 Main5
78 10000 3 1 14946 Main5
70 10000 3 1 15011 Main5
281 10000 3 1 14973 Main5
224 10000 3 1 14896 Main5
204 10000 3 1 15064 Main5
179 10000 3 1 15063 Main5
154 10000 3 1 15165 Main5
195 10000 3 1 14995 Main5
244 10000 3 1 15098 Main5
100 10000 3 1 15168 Main5
234 10000 3 1 15282 Main5
330 10000 3 1 15195 Main5
350 10000 3 1 15089 Main5
300 10000 3 1 14988 Main5
241 10000 3 1 15148 Main5
230 10000 3 1 15005 Main5
177 10000 3 1 15140 Main5
217 10000 3 1 15231 Main5
160 10000 3 1 15297 Main5
174 10000 3 1 15138 Main5
161 10000 3 1 15028 Main5
209 10000 3 1 15265 Main5
7 10000 3 1 15028 Main5
23 10000 3 1 15229 Main5
82 10000 3 1 15114 Main5
210 10000 3 1 15131 Main5
29 10000 3 1 15061 Main5
321 10000 3 1 15165 Main5
221 10000 3 1 15026 Main5
272 10000 3 1 15264 Main5
132 10000 3 1 14970 Main5
113 10000 3 1 15325 Main5
186 10000 3 1 15171 Main5
28 10000 3 1 15274 Main5
79 10000 3 1 15277 Main5
261 10000 3 1 15020 Main5
137 10000 3 1 15200 Main5
275 10000 3 1 15035 Main5
205 10000 3 1 15125 Main5
80 10000 3 1 14948 Main5
288 10000 3 1 15153 Main5
60 10000 3 1 15218 Main5
194 10000 3 1 15087 Main5
147 10000 3 1 14959 Main5
225 10000 3 1 15084 Main5
52 10000 3 1 14930 Main5
359 10000 3 1 15061 Main6
271 10000 3 1 15237 Main6
360 10000 3 1 15119 Main6
276 10000 3 1 15173 Main6
54 10000 3 1 15095 Main6
329 10000 3 1 15101 Main6
337 10000 3 1 15260 Main6
28 10000 3 1 15039 Main6
239 10000 3 1 15153 Main6
42 10000 3 1 15234 Main6
82 10000 3 1 15132 Main6
303 10000 3 1 14960 Main6
159 10000 3 1 14955 Main6
111 10000 3 1 15168 Main6
178 10000 3 1 15170 Main6
134 10000 3 1 15177 Main6
237 10000 3 1 14982 Main6
270 10000 3 1 15249 Main6
138 10000 3 1 15044 Main6
344 10000 3 1 15186 Main6
199 10000 3 1 15108 Main6
316 10000 3 1 14990 Main6
263 10000 3 1 14937 Main6
285 10000 3 1 15235 Main6
140 10000 3 1 14915 Main6
300 10000 3 1 15287 Main6
258 10000 3 1 14938 Main6
33 10000 3 1 15199 Main6
161 10000 3 1 14892 Main6
60 10000 3 1 14988 Main6
206 10000 3 1 15181 Main6
94 10000 3 1 15117 Main6
86 10000 3 1 15033 Main6
81 10000 3 1 15027 Main6
8 10000 3 1 15266 Main6
106 10000 3 1 15090 Main6
15 10000 3 1 15234 Main6
331 10000 3 1 14964 Main6
10 10000 3 1 15301 Main6
180 10000 3 1 15144 Main6
3 10000 3 1 14969 Main6
37 10000 3 1 15023 Main6
342 10000 3 1 14959 Main6
293 10000 3 1 14953 Main6
198 10000 3 1 15274 Main6
325 10000 3 1 15050 Main6
143 10000 3 1 14914 Main6
290 10000 3 1 15199 Main6
217 10000 3 1 15180 Main6
228 10000 3 1 14917 Main6
40 10000 3 1 15193 Main6
112 10000 3 1 15283 Main6
298 10000 3 1 15029 Main6
269 10000 3 1 15163 Main6
113 10000 3 1 14892 Main6
304 10000 3 1 14981 Main6
17 10000 3 1 14994 Main6
131 10000 3 1 15243 Main6
16 10000 3 1 15025 Main6
323 10000 3 1 15281 Main6
