357 10000 3 1 15040 Main1
255 4347 2 2 9260 Main1
127 1573 1 1 6542 Main1
134 1705 2 2 6656 Main1
139 938 2 3 6146 Main1
48 871 2 3 6076 Main1
91 1147 1 1 6236 Main1
262 964 2 3 6041 Main1
212 900 2 3 5935 Main1
171 857 2 2 5928 Main1
219 985 1 1 6078 Main1
16 976 2 3 6206 Main1
182 334 1 1 5360 Main1
142 656 2 2 5737 Main1
128 812 1 1 6051 Main1
193 421 2 2 5521 Main1
93 642 2 2 5612 Main1
192 549 2 2 5679 Main1
274 595 2 3 5698 Main1
87 837 2 3 5935 Main1
102 717 2 2 5959 Main1
132 1427 2 2 6405 Main1
158 433 1 1 5433 Main1
12 282 2 2 5514 Main1
57 539 2 3 5749 Main1
119 849 2 3 5799 Main1
242 385 2 3 5554 Main1
106 423 2 3 5434 Main1
251 727 2 3 5687 Main1
218 911 1 1 6061 Main1
19 321 2 3 5573 Main1
90 288 2 3 5575 Main1
239 1062 2 3 6020 Main1
268 774 2 2 5845 Main1
143 1032 2 3 5942 Main1
359 956 2 3 6086 Main1
160 473 1 1 5523 Main1
221 639 2 2 5784 Main1
230 622 2 3 5662 Main1
50 496 2 3 5656 Main1
33 420 1 1 5550 Main1
166 430 2 3 5580 Main1
238 645 2 3 5865 Main1
65 385 1 1 5435 Main1
257 509 2 3 5611 Main1
337 715 2 3 5625 Main1
169 603 2 3 5814 Main1
54 270 2 2 5210 Main1
314 387 2 2 5460 Main1
109 586 2 3 5776 Main1
328 687 2 3 5850 Main1
320 298 2 3 5523 Main1
103 1163 1 1 6386 Main1
126 1796 2 3 6897 Main1
114 708 2 2 5995 Main1
10 28 1 1 5288 Main1
27 406 2 3 5561 Main1
162 70 2 2 5261 Main1
317 476 2 3 5576 Main1
311 182 2 2 5202 Main1
41 152 2 2 5420 Main2
295 369 2 2 5609 Main2
132 292 2 2 5232 Main2
38 255 1 1 5445 Main2
250 217 1 1 5217 Main2
221 634 2 2 5645 Main2
85 326 2 2 5365 Main2
52 532 2 2 5762 Main2
233 981 2 2 6081 Main2
325 392 2 2 5409 Main2
193 636 2 2 5706 Main2
208 552 2 3 5772 Main2
28 469 2 3 5699 Main2
66 1125 1 1 6207 Main2
114 1542 2 3 6531 Main2
159 249 2 2 5342 Main2
297 393 2 3 5323 Main2
108 994 2 3 6004 Main2
36 1012 1 1 6102 Main2
218 185 1 1 5425 Main2
273 416 1 1 5656 Main2
206 729 2 3 5711 Main2
359 824 2 3 5934 Main2
192 14 2 2 5144 Main2
119 256 2 3 5390 Main2
93 798 1 1 5838 Main2
277 822 1 1 6021 Main2
98 314 1 1 5545 Main2
329 1411 2 2 6342 Main2
50 2946 2 3 7990 Main2
55 544 2 3 5596 Main2
307 591 2 3 5832 Main2
48 679 2 3 5580 Main2
162 250 2 2 5142 Main2
358 436 2 3 5716 Main2
150 10000 3 1 15035 Main2
160 4072 1 1 9184 Main2
188 762 1 1 5972 Main2
45 8 2 2 4947 Main2
195 43 2 2 4980 Main2
310 607 1 1 5548 Main2
92 52 1 1 5032 Main2
302 10000 3 1 15250 Main2
237 537 2 3 5552 Main2
279 93 2 2 5273 Main2
62 296 1 1 5245 Main2
235 611 2 3 5489 Main2
166 594 2 3 5825 Main2
278 329 1 1 5284 Main2
49 417 2 3 5317 Main2
129 342 2 2 5572 Main2
246 400 1 1 5390 Main2
19 591 2 3 5583 Main2
88 586 2 3 5626 Main2
212 709 1 1 5929 Main2
140 877 2 2 5804 Main2
83 556 2 2 5526 Main2
170 698 2 3 5968 Main2
231 896 2 2 6154 Main2
223 726 2 2 5907 Main2
314 819 2 3 5729 Main3
258 593 2 3 5673 Main3
15 735 2 2 5914 Main3
45 396 2 2 5315 Main3
292 1352 2 2 6472 Main3
4 364 1 1 5614 Main3
248 550 1 1 5732 Main3
13 402 2 2 5362 Main3
19 177 1 1 5227 Main3
169 246 1 1 5423 Main3
156 689 2 2 5719 Main3
124 10000 3 1 15161 Main3
174 98 2 2 5064 Main3
185 812 2 2 5982 Main3
282 953 2 3 6013 Main3
3 1143 1 1 6033 Main3
269 900 2 3 5882 Main3
289 1134 2 2 6327 Main3
345 535 2 3 5695 Main3
251 364 2 3 5266 Main3
304 346 1 1 5506 Main3
219 694 2 2 5734 Main3
76 1099 2 3 6051 Main3
114 1374 2 3 6595 Main3
157 367 1 1 5557 Main3
141 659 2 3 5863 Main3
229 432 2 2 5418 Main3
306 267 2 2 5347 Main3
81 610 2 3 5540 Main3
312 224 1 1 5294 Main3
108 670 2 3 5942 Main3
164 523 2 2 5493 Main3
140 176 2 2 5434 Main3
51 354 2 3 5244 Main3
246 10000 3 1 15160 Main3
119 1053 1 1 5997 Main3
341 547 2 3 5808 Main3
21 219 2 3 5389 Main3
187 20 1 1 5280 Main3
98 117 1 1 5260 Main3
56 431 2 2 5411 Main3
331 96 1 1 5056 Main3
60 580 2 3 5871 Main3
118 649 2 3 5609 Main3
104 632 2 3 5753 Main3
211 962 1 1 5922 Main3
250 622 2 3 5674 Main3
65 10000 3 1 15170 Main3
350 3054 2 2 8182 Main3
324 704 2 3 5596 Main3
252 178 2 2 5208 Main3
257 403 2 3 5305 Main3
273 220 1 1 5262 Main3
63 477 1 1 5617 Main3
106 10000 3 1 15144 Main3
339 102 2 2 5356 Main3
78 338 2 3 5308 Main3
117 964 2 3 6024 Main3
74 347 2 3 5234 Main3
68 450 1 1 5422 Main3
195 3076 1 1 8148 Main4
92 286 2 3 5237 Main4
137 446 1 1 5507 Main4
127 986 2 3 6059 Main4
58 490 2 2 5640 Main4
242 880 2 3 6061 Main4
347 647 2 3 5906 Main4
337 701 2 3 5629 Main4
106 856 2 3 5936 Main4
255 2539 1 1 7769 Main4
289 508 2 2 5559 Main4
43 10000 3 1 15073 Main4
84 387 2 2 5406 Main4
194 859 2 3 5949 Main4
90 610 2 3 5741 Main4
299 372 2 3 5471 Main4
287 588 1 1 5468 Main4
335 354 2 2 5545 Main4
97 10000 3 1 15239 Main4
359 551 2 2 5577 Main4
81 1129 2 2 6100 Main4
324 358 2 3 5358 Main4
9 10000 3 1 15240 Main4
283 869 2 3 5766 Main4
345 895 2 2 5876 Main4
211 297 2 2 5247 Main4
224 615 2 3 5605 Main4
208 967 2 3 6007 Main4
47 398 2 2 5660 Main4
311 766 2 3 5733 Main4
330 129 2 2 5319 Main4
336 473 2 2 5346 Main4
332 487 2 2 5487 Main4
182 510 2 2 5440 Main4
275 458 2 2 5639 Main4
254 805 2 2 6028 Main4
308 800 1 1 5682 Main4
235 2235 2 2 7246 Main4
144 727 2 3 5882 Main4
344 694 2 3 5743 Main4
38 352 1 1 5353 Main4
171 491 2 2 5546 Main4
6 486 2 2 5486 Main4
123 359 1 1 5279 Main4
221 769 2 2 5650 Main4
160 389 1 1 5649 Main4
72 1434 2 2 6466 Main4
44 623 2 3 5834 Main4
56 22 2 2 5102 Main4
164 10000 3 1 15112 Main4
172 127 2 3 5141 Main4
128 62 1 1 4983 Main4
114 26 1 1 5046 Main4
71 483 1 1 5621 Main4
32 152 1 1 5132 Main4
232 254 2 3 5404 Main4
42 10000 3 1 15023 Main4
145 478 2 3 5407 Main4
298 553 2 2 5564 Main4
348 479 2 3 5464 Main4
82 2122 1 1 7271 Main5
59 559 2 3 5460 Main5
205 708 2 3 5589 Main5
99 440 2 2 5500 Main5
287 1900 2 2 6980 Main5
84 444 2 3 5725 Main5
331 246 2 2 5257 Main5
1 440 2 2 5539 Main5
104 408 2 3 5403 Main5
241 116 2 2 5026 Main5
23 208 2 3 5216 Main5
175 1055 2 3 6166 Main5
284 462 2 3 5722 Main5
299 438 2 2 5678 Main5
251 390 2 3 5480 Main5
321 282 2 2 5464 Main5
49 245 1 1 5156 Main5
64 116 1 1 5115 Main5
160 348 2 2 5309 Main5
268 447 2 2 5598 Main5
6 160 2 2 5221 Main5
77 795 2 2 6028 Main5
352 1237 2 3 6227 Main5
341 592 2 2 5830 Main5
304 159 1 1 5439 Main5
200 10000 3 1 15090 Main5
305 10000 3 1 15276 Main5
343 306 2 3 5568 Main5
65 256 2 2 5166 Main5
335 72 2 2 5271 Main5
28 340 2 3 5290 Main5
35 148 2 2 5346 Main5
199 1488 2 3 6603 Main5
61 309 2 2 5509 Main5
201 1106 2 3 6236 Main5
247 1552 2 2 6652 Main5
219 1423 2 3 6583 Main5
13 509 1 1 5711 Main5
75 824 2 2 5864 Main5
260 608 2 2 5652 Main5
105 10000 3 1 15269 Main5
332 637 2 3 5747 Main5
351 1025 1 1 6205 Main5
318 124 2 2 5155 Main5
149 403 2 3 5634 Main5
91 10000 3 1 14945 Main5
253 339 2 3 5524 Main5
181 4397 2 2 9477 Main5
211 312 2 2 5203 Main5
276 442 2 2 5654 Main5
280 530 2 2 5503 Main5
148 483 2 2 5624 Main5
231 458 2 3 5428 Main5
142 439 2 3 5599 Main5
191 1103 1 1 6305 Main5
265 875 2 2 5916 Main5
73 912 2 3 6074 Main5
282 443 2 3 5393 Main5
60 10000 3 1 14975 Main5
30 370 1 1 5624 Main5
33 436 1 1 5426 Main6
8 378 1 1 5628 Main6
189 357 2 2 5487 Main6
86 275 2 2 5526 Main6
319 10000 3 1 15100 Main6
177 552 1 1 5466 Main6
78 1377 2 3 6297 Main6
203 1557 2 3 6691 Main6
18 15 2 2 5006 Main6
42 366 2 3 5630 Main6
306 236 2 2 5145 Main6
354 746 2 3 5986 Main6
316 501 2 3 5621 Main6
305 397 2 2 5587 Main6
119 240 2 2 5321 Main6
124 352 1 1 5462 Main6
50 117 2 2 5067 Main6
26 479 2 2 5504 Main6
1 10000 3 1 15281 Main6
16 754 2 3 5974 Main6
334 631 1 1 5871 Main6
99 10000 3 1 15130 Main6
330 10000 3 1 14946 Main6
345 28 2 2 5020 Main6
89 357 2 2 5408 Main6
157 695 2 3 5856 Main6
70 1466 2 2 6509 Main6
34 932 1 1 5852 Main6
122 128 2 2 5378 Main6
289 267 2 2 5434 Main6
41 94 2 2 5046 Main6
222 27 2 3 5058 Main6
302 777 2 3 5784 Main6
291 331 2 3 5527 Main6
190 361 2 2 5612 Main6
88 1141 2 3 6112 Main6
106 645 2 3 5936 Main6
96 486 2 2 5656 Main6
275 358 2 2 5600 Main6
237 605 2 3 5867 Main6
234 10000 3 1 15192 Main6
14 1407 2 3 6367 Main6
227 364 2 2 5285 Main6
197 425 2 2 5464 Main6
49 404 2 3 5346 Main6
94 474 1 1 5574 Main6
205 2761 2 3 7731 Main6
243 1166 1 1 6396 Main6
22 338 2 3 5368 Main6
71 187 2 2 5207 Main6
126 2907 2 2 8047 Main6
213 436 1 1 5626 Main6
27 422 2 3 5439 Main6
194 636 1 1 5856 Main6
230 557 2 3 5728 Main6
128 492 1 1 5678 Main6
250 1098 2 3 6178 Main6
186 405 2 2 5685 Main6
47 990 2 2 6120 Main6
52 869 2 3 5860 Main6
