188 494 2 2 5441 Main1
91 10000 3 1 15203 Main1
208 10000 3 1 15129 Main1
198 10000 3 1 14932 Main1
218 1369 1 1 6373 Main1
145 304 2 3 5450 Main1
259 1032 2 2 6104 Main1
297 277 2 2 5290 Main1
16 456 2 2 5718 Main1
322 710 1 1 5816 Main1
147 10000 3 1 14954 Main1
20 433 2 3 5500 Main1
80 556 2 2 6761 Main1
82 1916 2 3 6908 Main1
270 394 1 1 5452 Main1
254 636 2 2 6331 Main1
53 346 2 2 5384 Main1
294 1369 1 1 6319 Main1
43 320 2 2 5215 Main1
62 445 2 2 5668 Main1
18 719 2 3 5732 Main1
131 458 2 2 5491 Main1
357 612 2 2 5536 Main1
76 1293 2 2 6290 Main1
211 390 1 1 5424 Main1
255 565 2 3 6458 Main1
7 533 2 3 5721 Main1
31 802 1 1 6631 Main1
243 374 1 1 5283 Main1
336 466 2 2 6298 Main1
184 71 2 2 6024 Main1
107 276 2 3 5499 Main1
301 472 2 2 6323 Main1
304 578 2 2 5432 Main1
123 267 1 1 6323 Main1
156 517 2 2 5460 Main1
146 401 1 1 5639 Main1
68 947 1 1 6118 Main1
219 323 1 1 5389 Main1
241 1621 2 2 7264 Main1
246 366 2 2 5446 Main1
65 354 1 1 5600 Main1
331 734 2 2 5587 Main1
306 187 2 2 5257 Main1
73 512 1 1 5765 Main1
224 125 2 3 5364 Main1
154 322 1 1 5271 Main1
285 374 2 2 5272 Main1
299 524 1 1 5466 Main1
302 262 2 3 5544 Main1
328 377 2 3 5583 Main1
229 340 2 3 5529 Main1
296 317 2 3 5277 Main1
189 9 1 1 5176 Main1
347 225 2 3 5196 Main1
5 108 1 1 5218 Main1
61 108 2 3 5278 Main1
257 871 1 1 5907 Main1
87 16 1 1 5002 Main1
2 401 2 3 5500 Main1
95 754 1 1 5660 Main2
223 10000 3 1 15616 Main2
120 695 2 3 7220 Main2
105 699 2 2 6604 Main2
292 361 2 3 6149 Main2
142 1706 2 3 7402 Main2
227 3 2 3 5948 Main2
78 314 2 3 5180 Main2
53 1670 2 2 6806 Main2
86 10000 3 1 14970 Main2
35 208 1 1 5140 Main2
134 1623 2 3 6866 Main2
50 10000 3 1 16032 Main2
122 10000 3 1 15146 Main2
75 265 2 3 5379 Main2
93 802 2 3 5890 Main2
97 347 2 2 5511 Main2
165 175 2 3 5849 Main2
68 2716 2 2 13013 Main2
107 510 2 2 5593 Main2
32 331 2 3 6341 Main2
234 66 2 2 5304 Main2
252 10000 3 1 16015 Main2
136 1469 1 1 6487 Main2
226 1685 2 2 6699 Main2
11 94 2 3 5081 Main2
280 96 1 1 5224 Main2
26 632 2 3 6771 Main2
303 239 1 1 5153 Main2
124 1591 2 2 7375 Main2
279 10000 3 1 14922 Main2
15 792 2 2 5871 Main2
164 1175 2 3 7208 Main2
199 713 2 2 5597 Main2
310 961 2 2 6037 Main2
236 1644 2 3 7778 Main2
341 191 2 3 5288 Main2
314 255 2 2 5238 Main2
123 10000 3 1 23079 Main2
132 556 2 2 5672 Main2
210 10000 3 1 15160 Main2
266 347 2 3 5600 Main2
352 1460 2 3 6746 Main2
81 1199 2 3 6113 Main2
245 124 1 1 5345 Main2
52 519 1 1 5540 Main2
275 718 1 1 5883 Main2
63 929 1 1 6176 Main2
345 3043 2 2 8046 Main2
109 268 2 3 5496 Main2
128 10000 3 1 16545 Main2
320 2331 2 2 13725 Main2
238 891 2 3 5854 Main2
211 10000 3 1 15271 Main2
167 796 2 3 5674 Main2
173 169 2 3 5379 Main2
168 1615 2 3 6675 Main2
277 575 2 3 5622 Main2
188 636 2 3 5717 Main2
327 10000 3 1 15159 Main2
63 988 1 1 5957 Main3
36 10000 3 1 15136 Main3
45 10000 3 1 15249 Main3
121 3 2 3 5002 Main3
279 10000 3 1 15034 Main3
208 803 1 1 5725 Main3
17 574 1 1 5499 Main3
231 736 2 3 5842 Main3
205 305 1 1 5415 Main3
15 3060 1 1 8066 Main3
176 1681 2 3 6875 Main3
191 318 2 2 5577 Main3
164 671 2 3 5596 Main3
287 586 2 3 5657 Main3
65 323 2 3 5256 Main3
142 963 1 1 6194 Main3
124 1782 2 3 6808 Main3
299 868 2 3 5902 Main3
100 10000 3 1 15131 Main3
345 457 2 2 5568 Main3
139 1000 2 3 5976 Main3
4 262 2 3 5308 Main3
316 155 2 3 5135 Main3
105 961 2 3 5942 Main3
346 1008 2 3 5876 Main3
341 10000 3 1 15161 Main3
109 814 1 1 5874 Main3
23 651 2 3 5927 Main3
174 625 2 3 5861 Main3
211 778 2 3 5640 Main3
133 1065 2 3 6153 Main3
57 165 1 1 5140 Main3
29 403 2 3 5280 Main3
114 1552 1 1 6443 Main3
185 2564 2 2 7473 Main3
141 2446 1 1 7677 Main3
343 355 2 3 5321 Main3
263 1383 2 3 6580 Main3
31 532 2 3 5612 Main3
117 1109 2 3 6326 Main3
310 470 2 3 5622 Main3
238 1262 2 3 6472 Main3
19 464 2 3 5354 Main3
173 1888 2 3 7153 Main3
301 193 2 3 5180 Main3
280 574 2 3 5767 Main3
314 1773 2 3 6727 Main3
356 10000 3 1 14937 Main3
202 3175 1 1 8277 Main3
172 1510 2 3 6428 Main3
329 1295 2 3 6355 Main3
145 452 2 2 5617 Main3
221 538 2 2 5498 Main3
178 2364 2 3 7403 Main3
110 716 2 3 5963 Main3
95 765 1 1 5872 Main3
184 252 1 1 5241 Main3
98 10000 3 1 15206 Main3
190 1686 2 3 6797 Main3
52 919 1 1 6224 Main3
270 107 1 1 5361 Main4
351 803 1 1 5888 Main4
340 10000 3 1 15095 Main4
226 693 2 3 5576 Main4
334 1643 2 3 6773 Main4
125 2050 2 2 6978 Main4
42 2250 2 2 7359 Main4
173 1586 2 2 6785 Main4
214 53 1 1 5269 Main4
31 1294 2 2 6235 Main4
3 1792 2 2 6696 Main4
161 1737 2 2 6888 Main4
209 1308 2 2 6359 Main4
51 199 2 2 5254 Main4
76 2680 2 2 7740 Main4
165 2166 2 2 7177 Main4
259 1357 2 2 6509 Main4
218 395 2 2 5371 Main4
276 2636 2 2 7554 Main4
336 624 2 2 5489 Main4
310 505 2 3 5753 Main4
256 1299 2 2 6351 Main4
302 1070 2 3 5993 Main4
151 7631 2 2 12836 Main4
65 1138 1 1 6333 Main4
157 576 2 2 5575 Main4
149 1757 2 2 6846 Main4
200 193 2 2 5367 Main4
187 4737 2 2 9813 Main4
185 1899 2 2 6912 Main4
206 10000 3 1 15083 Main4
168 3039 2 2 8043 Main4
326 683 2 3 5682 Main4
254 538 2 2 5710 Main4
47 8 1 1 5131 Main4
30 832 1 1 5989 Main4
199 500 2 3 5793 Main4
303 10000 3 1 15099 Main4
324 312 2 2 5298 Main4
130 3602 2 2 8688 Main4
283 1441 2 2 6486 Main4
207 1938 2 2 6900 Main4
118 1565 2 3 6557 Main4
198 10000 3 1 15290 Main4
139 10000 3 1 15075 Main4
55 2414 2 2 7324 Main4
289 6726 2 2 11882 Main4
147 19 1 1 4938 Main4
163 643 2 2 5773 Main4
357 3192 2 2 8235 Main4
138 117 2 2 5327 Main4
202 324 2 3 5332 Main4
124 1097 2 2 6269 Main4
346 359 2 3 5521 Main4
95 899 2 3 6149 Main4
280 279 2 3 5130 Main4
212 1959 2 3 6861 Main4
17 238 2 3 5365 Main4
73 392 2 3 5490 Main4
61 37 2 3 5226 Main4
171 467 2 2 5351 Main5
124 1080 2 2 6072 Main5
3 2779 2 2 7699 Main5
22 1408 2 2 6586 Main5
311 1005 2 2 6065 Main5
343 10000 3 1 15123 Main5
209 10000 3 1 15221 Main5
215 247 1 1 5309 Main5
227 2532 2 2 7590 Main5
233 1338 2 2 6265 Main5
168 1125 2 2 6207 Main5
100 518 2 2 5519 Main5
176 382 2 2 5329 Main5
24 53 2 3 5285 Main5
170 10000 3 1 15017 Main5
181 174 2 2 5389 Main5
325 2232 2 2 7183 Main5
276 1994 2 3 6997 Main5
346 1115 2 3 6080 Main5
121 800 2 3 5847 Main5
217 6796 2 3 11673 Main5
189 3123 2 3 8377 Main5
28 3680 2 3 8568 Main5
239 485 2 3 5495 Main5
60 458 2 3 5584 Main5
246 3107 2 3 8185 Main5
270 3234 2 3 8158 Main5
186 2679 2 3 7794 Main5
271 10000 3 1 15292 Main5
51 908 2 3 6509 Main5
197 938 2 3 6146 Main5
207 2643 2 3 7575 Main5
241 2404 2 3 7513 Main5
286 2243 2 3 7417 Main5
31 217 2 3 5432 Main5
76 10000 3 1 15214 Main5
278 137 2 3 5069 Main5
56 2422 2 2 7400 Main5
224 1458 2 2 6636 Main5
244 10000 3 1 15104 Main5
18 595 2 2 5534 Main5
12 441 2 2 5576 Main5
144 1112 2 2 6101 Main5
355 1157 2 2 6304 Main5
234 3410 2 2 8413 Main5
336 852 2 2 5831 Main5
84 1241 2 2 6472 Main5
152 4966 2 2 10212 Main5
157 1229 2 2 6420 Main5
173 907 2 3 5827 Main5
243 524 1 1 5738 Main5
348 521 2 3 5676 Main5
347 877 2 3 5934 Main5
329 945 2 3 6008 Main5
93 878 2 3 5996 Main5
112 185 2 3 5086 Main5
358 36 2 3 5321 Main5
36 42 2 3 5101 Main5
275 1414 2 3 6336 Main5
269 2354 2 3 7443 Main5
278 658 2 2 5676 Main6
13 5007 2 2 10107 Main6
279 136 2 2 5191 Main6
45 10000 3 1 15078 Main6
124 428 1 1 5409 Main6
21 393 1 1 5483 Main6
94 1375 1 1 6607 Main6
140 354 2 3 5568 Main6
339 386 2 3 5277 Main6
121 493 2 3 5572 Main6
352 1736 2 3 6938 Main6
326 1549 2 3 6452 Main6
152 1420 2 3 6371 Main6
118 297 2 2 5187 Main6
223 57 2 3 5088 Main6
276 222 2 2 5185 Main6
158 209 2 3 5387 Main6
213 949 1 1 5873 Main6
334 817 1 1 6025 Main6
321 794 2 3 5737 Main6
168 1036 2 3 6180 Main6
173 391 2 3 5421 Main6
27 759 2 3 5955 Main6
306 3558 2 2 8806 Main6
218 2037 2 2 7168 Main6
286 2117 2 2 7069 Main6
137 1938 2 2 7165 Main6
24 1268 2 2 6155 Main6
305 1148 2 2 6235 Main6
19 942 2 3 6035 Main6
143 991 2 3 6149 Main6
216 281 2 2 5293 Main6
264 989 2 2 6194 Main6
189 617 2 2 5485 Main6
25 445 2 2 5709 Main6
165 1924 2 2 7154 Main6
249 1327 2 2 6512 Main6
204 1741 2 2 6748 Main6
72 2192 2 2 7320 Main6
20 239 2 2 5180 Main6
77 2996 2 2 7954 Main6
126 771 1 1 5816 Main6
59 601 2 2 5803 Main6
155 1306 2 2 6477 Main6
257 10000 3 1 15231 Main6
231 396 2 2 5391 Main6
51 1049 2 3 6121 Main6
260 128 2 2 5030 Main6
125 1078 1 1 6246 Main6
270 2740 2 2 7908 Main6
96 195 2 3 5125 Main6
316 1438 2 3 6479 Main6
243 3339 2 2 8470 Main6
172 1365 2 2 6558 Main6
217 4255 2 2 9225 Main6
100 10000 3 1 15037 Main6
271 472 2 3 5364 Main6
225 2205 2 2 7108 Main6
269 2692 2 2 7736 Main6
54 5150 1 1 10173 Main6
