7 1240 1 1 6343 Main1
99 1070 1 1 6294 Main1
198 839 2 2 5829 Main1
278 570 1 1 5461 Main1
51 693 1 1 5662 Main1
74 1993 1 1 6983 Main1
280 935 2 3 5782 Main1
245 700 1 1 5704 Main1
94 370 1 1 5536 Main1
73 457 2 2 5411 Main1
37 461 2 2 5534 Main1
206 532 1 1 5599 Main1
72 953 2 2 5816 Main1
328 413 2 3 5278 Main1
347 723 2 2 5595 Main1
309 677 1 1 5823 Main1
348 757 2 2 5941 Main1
110 566 2 2 5796 Main1
321 644 1 1 5686 Main1
41 764 2 3 5811 Main1
133 475 2 3 5545 Main1
156 518 2 2 5583 Main1
194 585 2 2 5711 Main1
147 717 2 3 5712 Main1
307 495 2 3 5439 Main1
320 637 2 3 5573 Main1
1 641 2 3 5761 Main1
288 898 2 2 5878 Main1
201 350 1 1 5229 Main1
104 1242 2 3 6413 Main1
61 752 2 3 5919 Main1
29 308 2 2 5318 Main1
65 352 1 1 5292 Main1
40 322 2 2 5471 Main1
246 444 2 2 5490 Main1
171 535 2 3 5552 Main1
344 749 1 1 5653 Main1
47 445 2 2 5528 Main1
159 624 2 2 5538 Main1
254 350 2 3 5256 Main1
88 211 2 3 5265 Main1
183 430 1 1 5462 Main1
303 262 1 1 5260 Main1
324 372 1 1 5347 Main1
109 458 2 2 5365 Main1
341 534 2 3 5624 Main1
103 813 1 1 5829 Main1
227 806 1 1 5656 Main1
14 413 2 3 5649 Main1
177 827 1 1 5983 Main1
167 501 1 1 5380 Main1
57 329 2 2 5200 Main1
63 433 1 1 5305 Main1
52 296 2 3 5483 Main1
242 511 2 3 5529 Main1
241 371 2 3 5347 Main1
205 421 1 1 5565 Main1
289 385 2 2 5401 Main1
53 382 1 1 5420 Main1
59 298 1 1 5522 Main1
95 389 1 1 5428 Main2
153 332 2 2 5432 Main2
232 438 2 3 5416 Main2
138 286 2 2 5307 Main2
6 326 2 2 5530 Main2
30 290 2 2 5443 Main2
293 458 1 1 5678 Main2
68 299 1 1 5419 Main2
127 374 2 3 5366 Main2
61 348 1 1 5243 Main2
325 369 1 1 5403 Main2
131 290 2 3 5356 Main2
178 259 2 3 5112 Main2
316 365 2 2 5466 Main2
197 257 1 1 5273 Main2
108 529 2 2 5609 Main2
76 409 2 3 5612 Main2
20 326 2 2 5319 Main2
312 209 2 2 5087 Main2
182 244 1 1 5140 Main2
258 340 2 2 5208 Main2
35 307 1 1 5170 Main2
167 281 1 1 5421 Main2
211 414 1 1 5569 Main2
36 424 2 3 5596 Main2
297 604 2 3 5795 Main2
213 359 2 2 5463 Main2
132 445 2 3 5653 Main2
278 722 1 1 5647 Main2
279 368 1 1 5391 Main2
129 349 2 2 5516 Main2
117 318 1 1 5433 Main2
311 351 1 1 5531 Main2
137 395 2 2 5345 Main2
351 533 1 1 5501 Main2
198 421 1 1 5469 Main2
105 319 2 2 5466 Main2
185 386 1 1 5419 Main2
358 253 2 3 5091 Main2
78 240 1 1 5094 Main2
73 587 1 1 5598 Main2
250 428 2 3 5611 Main2
75 382 1 1 5400 Main2
22 283 1 1 5459 Main2
170 212 2 3 5114 Main2
341 303 1 1 5534 Main2
47 292 2 2 5178 Main2
264 679 2 3 5919 Main2
217 504 1 1 5706 Main2
79 320 1 1 5476 Main2
154 334 2 2 5407 Main2
139 332 2 2 5339 Main2
56 339 1 1 5275 Main2
284 341 2 2 5280 Main2
234 315 2 2 5541 Main2
86 195 2 2 5307 Main2
166 223 2 2 5114 Main2
3 192 2 3 5289 Main2
188 246 1 1 5257 Main2
128 429 2 2 5502 Main2
31 304 2 3 5522 Main3
320 358 2 2 5458 Main3
195 564 2 2 5416 Main3
61 537 1 1 5437 Main3
28 1250 1 1 6304 Main3
253 444 2 3 5571 Main3
225 381 1 1 5250 Main3
282 374 2 3 5227 Main3
192 228 2 2 5089 Main3
103 556 1 1 5613 Main3
48 153 2 2 5171 Main3
121 448 2 2 5671 Main3
347 317 1 1 5559 Main3
212 405 1 1 5272 Main3
339 291 2 2 5304 Main3
118 153 2 3 5282 Main3
277 329 2 3 5270 Main3
43 329 2 3 5182 Main3
88 241 2 3 5165 Main3
46 266 2 2 5320 Main3
209 292 2 2 5165 Main3
236 258 2 2 5122 Main3
9 254 2 3 5200 Main3
178 148 2 2 5235 Main3
335 545 1 1 5443 Main3
186 264 1 1 5157 Main3
207 301 1 1 5275 Main3
270 287 2 3 5469 Main3
190 262 1 1 5218 Main3
321 789 2 3 5866 Main3
251 269 2 3 5439 Main3
300 227 2 2 5401 Main3
26 1019 2 2 6058 Main3
66 934 1 1 5792 Main3
344 250 1 1 5295 Main3
313 290 2 3 5271 Main3
86 164 1 1 5379 Main3
135 454 2 3 5617 Main3
36 225 2 2 5074 Main3
147 231 1 1 5290 Main3
235 316 2 2 5496 Main3
333 196 1 1 5111 Main3
94 309 1 1 5175 Main3
71 224 2 2 5414 Main3
315 302 1 1 5268 Main3
202 366 2 2 5603 Main3
266 260 2 2 5173 Main3
295 810 2 2 5706 Main3
38 246 1 1 5174 Main3
352 285 1 1 5193 Main3
128 328 2 2 5424 Main3
324 278 1 1 5462 Main3
114 198 2 2 5188 Main3
187 173 2 3 5177 Main3
286 448 2 2 5605 Main3
122 276 2 3 5326 Main3
1 192 2 3 5370 Main3
330 163 2 3 5128 Main3
50 239 2 2 5309 Main3
7 302 2 2 5186 Main3
21 224 2 3 5199 Main4
111 102 1 1 5038 Main4
211 170 1 1 5285 Main4
190 200 1 1 5320 Main4
240 222 2 3 5171 Main4
294 197 2 2 5300 Main4
344 170 1 1 5212 Main4
225 253 2 2 5439 Main4
89 208 1 1 5192 Main4
262 166 2 3 5330 Main4
321 930 2 2 5957 Main4
44 348 2 2 5334 Main4
331 330 1 1 5272 Main4
204 196 1 1 5382 Main4
306 134 1 1 5252 Main4
102 538 1 1 5519 Main4
17 224 2 2 5300 Main4
59 325 2 3 5445 Main4
227 166 2 3 5061 Main4
159 119 2 2 5130 Main4
43 216 2 2 5136 Main4
172 149 1 1 5284 Main4
8 208 2 2 5122 Main4
90 198 1 1 5435 Main4
56 934 2 2 6093 Main4
73 230 2 2 5352 Main4
168 188 1 1 5169 Main4
333 117 1 1 5049 Main4
335 161 1 1 5309 Main4
129 222 2 2 5121 Main4
338 167 1 1 5131 Main4
160 314 2 3 5517 Main4
153 41 2 2 4891 Main4
287 113 1 1 4999 Main4
249 178 2 2 5201 Main4
334 57 1 1 4904 Main4
214 192 1 1 5160 Main4
255 221 1 1 5135 Main4
292 218 2 3 5276 Main4
156 46 2 3 4904 Main4
266 100 1 1 5141 Main4
277 78 2 3 5080 Main4
319 217 1 1 5367 Main4
140 122 1 1 5058 Main4
305 172 1 1 5073 Main4
135 164 2 3 5172 Main4
282 179 1 1 5300 Main4
213 152 1 1 5190 Main4
24 153 2 3 5191 Main4
80 164 1 1 5403 Main4
58 186 2 3 5403 Main4
62 201 2 2 5126 Main4
189 204 1 1 5286 Main4
96 693 2 2 5694 Main4
181 704 1 1 5557 Main4
347 137 2 3 5069 Main4
212 291 2 3 5451 Main4
286 265 2 2 5184 Main4
69 153 1 1 5300 Main4
25 286 1 1 5330 Main4
125 320 1 1 5252 Main5
145 255 1 1 5209 Main5
219 381 1 1 5261 Main5
320 194 2 3 5113 Main5
183 225 1 1 5276 Main5
292 253 1 1 5288 Main5
195 289 1 1 5475 Main5
232 175 1 1 5185 Main5
170 296 2 2 5162 Main5
257 142 2 2 5219 Main5
27 237 2 2 5112 Main5
234 327 1 1 5159 Main5
284 210 2 3 5091 Main5
306 218 1 1 5430 Main5
242 255 2 3 5212 Main5
210 223 2 2 5273 Main5
54 143 2 2 5273 Main5
339 219 1 1 5120 Main5
167 211 1 1 5436 Main5
360 200 1 1 5175 Main5
245 461 1 1 5345 Main5
86 144 2 2 5138 Main5
19 163 2 2 5064 Main5
335 267 1 1 5224 Main5
100 269 1 1 5448 Main5
97 160 1 1 5174 Main5
223 232 1 1 5403 Main5
155 271 1 1 5283 Main5
35 215 1 1 5356 Main5
194 249 2 2 5439 Main5
274 78 2 3 4960 Main5
356 163 2 3 5129 Main5
220 361 1 1 5227 Main5
34 510 2 3 5723 Main5
330 202 1 1 5402 Main5
213 192 1 1 5231 Main5
218 136 1 1 5050 Main5
132 239 2 3 5315 Main5
198 141 1 1 5359 Main5
288 272 2 2 5339 Main5
142 190 2 3 5352 Main5
25 266 1 1 5495 Main5
229 293 1 1 5300 Main5
76 717 2 3 5659 Main5
130 236 2 2 5105 Main5
67 300 2 3 5353 Main5
238 205 2 3 5436 Main5
121 224 2 3 5176 Main5
51 661 1 1 5719 Main5
200 560 2 3 5680 Main5
108 232 2 2 5082 Main5
119 263 2 2 5444 Main5
70 267 1 1 5316 Main5
12 248 2 3 5290 Main5
261 271 2 3 5233 Main5
192 761 1 1 5913 Main5
127 614 2 2 5645 Main5
289 305 2 3 5258 Main5
38 177 1 1 5217 Main5
45 181 1 1 5406 Main5
49 233 2 2 5443 Main6
228 94 2 2 5303 Main6
238 242 2 3 5133 Main6
314 356 2 3 5218 Main6
318 68 2 3 5057 Main6
15 239 1 1 5214 Main6
46 236 2 3 5117 Main6
209 125 1 1 5111 Main6
37 32 2 3 5141 Main6
140 187 2 3 5335 Main6
211 120 1 1 5358 Main6
292 188 2 3 5364 Main6
212 1036 2 3 6152 Main6
224 200 1 1 5050 Main6
180 270 1 1 5312 Main6
257 79 2 2 5155 Main6
57 100 1 1 5330 Main6
129 113 2 2 5035 Main6
284 81 2 2 5206 Main6
308 573 1 1 5696 Main6
38 151 1 1 5108 Main6
166 210 2 3 5195 Main6
155 341 1 1 5217 Main6
280 258 2 3 5275 Main6
293 261 1 1 5151 Main6
281 336 1 1 5300 Main6
195 281 1 1 5516 Main6
210 228 2 3 5143 Main6
98 100 1 1 5051 Main6
241 120 2 3 5254 Main6
199 68 1 1 5284 Main6
244 147 2 3 5296 Main6
123 169 2 3 5023 Main6
66 163 1 1 5333 Main6
263 81 2 3 5212 Main6
299 8669 2 3 13874 Main6
357 245 2 3 5447 Main6
50 146 2 2 5122 Main6
300 200 2 3 5293 Main6
96 225 1 1 5462 Main6
40 147 2 2 5219 Main6
83 305 1 1 5197 Main6
92 3234 2 2 8443 Main6
273 204 1 1 5055 Main6
267 191 1 1 5155 Main6
177 240 2 3 5412 Main6
62 208 1 1 5125 Main6
337 114 1 1 5085 Main6
185 265 1 1 5214 Main6
172 157 2 2 5316 Main6
125 839 2 3 5813 Main6
349 200 1 1 5302 Main6
197 203 1 1 5214 Main6
171 168 1 1 5296 Main6
221 236 2 2 5424 Main6
44 120 2 3 5332 Main6
14 127 2 3 4995 Main6
304 220 1 1 5137 Main6
289 255 1 1 5200 Main6
276 108 2 3 5076 Main6
