47 10000 3 1 14995 Main1
127 10000 3 1 15170 Main1
356 10000 3 1 15154 Main1
310 10000 3 1 15320 Main1
32 10000 3 1 14960 Main1
353 10000 3 1 15153 Main1
339 10000 3 1 14997 Main1
159 10000 3 1 15269 Main1
256 10000 3 1 15007 Main1
200 10000 3 1 15043 Main1
268 10000 3 1 15099 Main1
145 10000 3 1 14959 Main1
244 10000 3 1 14962 Main1
249 10000 3 1 15342 Main1
319 10000 3 1 15014 Main1
208 10000 3 1 14971 Main1
245 10000 3 1 15115 Main1
303 10000 3 1 15333 Main1
211 10000 3 1 14964 Main1
91 10000 3 1 15449 Main1
228 10000 3 1 15080 Main1
140 10000 3 1 15405 Main1
302 10000 3 1 14962 Main1
4 10000 3 1 15496 Main1
198 10000 3 1 15433 Main1
129 10000 3 1 15179 Main1
300 10000 3 1 15151 Main1
165 10000 3 1 15334 Main1
280 10000 3 1 15175 Main1
99 10000 3 1 15390 Main1
284 10000 3 1 15472 Main1
114 10000 3 1 14995 Main1
53 10000 3 1 15334 Main1
295 10000 3 1 15218 Main1
44 10000 3 1 15241 Main1
28 10000 3 1 15065 Main1
125 10000 3 1 15068 Main1
304 10000 3 1 15031 Main1
57 10000 3 1 14965 Main1
77 10000 3 1 15315 Main1
10 10000 3 1 15025 Main1
214 10000 3 1 15128 Main1
274 10000 3 1 15246 Main1
150 10000 3 1 15283 Main1
104 10000 3 1 15198 Main1
340 10000 3 1 14941 Main1
254 10000 3 1 15024 Main1
260 10000 3 1 15713 Main1
63 10000 3 1 15171 Main1
312 10000 3 1 15072 Main1
35 10000 3 1 14999 Main1
286 10000 3 1 15322 Main1
278 10000 3 1 15037 Main1
170 10000 3 1 15168 Main1
136 10000 3 1 15192 Main1
250 10000 3 1 15127 Main1
287 10000 3 1 14883 Main1
272 10000 3 1 15506 Main1
344 10000 3 1 16092 Main1
96 10000 3 1 15559 Main1
132 10000 3 1 15128 Main2
143 10000 3 1 15224 Main2
124 10000 3 1 15016 Main2
275 10000 3 1 15434 Main2
35 10000 3 1 14984 Main2
246 10000 3 1 15034 Main2
334 10000 3 1 15419 Main2
31 10000 3 1 15441 Main2
153 10000 3 1 14945 Main2
16 10000 3 1 14972 Main2
263 10000 3 1 15226 Main2
66 10000 3 1 15057 Main2
54 10000 3 1 15173 Main2
189 10000 3 1 14991 Main2
149 10000 3 1 15182 Main2
300 10000 3 1 15244 Main2
87 10000 3 1 15105 Main2
317 10000 3 1 15131 Main2
80 10000 3 1 15094 Main2
219 10000 3 1 15122 Main2
116 10000 3 1 15407 Main2
56 10000 3 1 15133 Main2
17 10000 3 1 14891 Main2
43 10000 3 1 15046 Main2
233 10000 3 1 15308 Main2
9 10000 3 1 15398 Main2
269 10000 3 1 15154 Main2
359 10000 3 1 15090 Main2
294 10000 3 1 15255 Main2
136 10000 3 1 14920 Main2
345 10000 3 1 15557 Main2
89 10000 3 1 15349 Main2
6 10000 3 1 15030 Main2
212 10000 3 1 15113 Main2
152 10000 3 1 15258 Main2
332 10000 3 1 15050 Main2
315 10000 3 1 15258 Main2
59 10000 3 1 15210 Main2
268 10000 3 1 15689 Main2
101 10000 3 1 15100 Main2
68 10000 3 1 15134 Main2
245 10000 3 1 15094 Main2
183 10000 3 1 15645 Main2
15 10000 3 1 15017 Main2
316 10000 3 1 15440 Main2
155 10000 3 1 15416 Main2
202 10000 3 1 15401 Main2
44 10000 3 1 14993 Main2
171 10000 3 1 15346 Main2
353 10000 3 1 15113 Main2
1 10000 3 1 15061 Main2
271 10000 3 1 15236 Main2
94 10000 3 1 15079 Main2
142 10000 3 1 14980 Main2
223 10000 3 1 15083 Main2
3 10000 3 1 15177 Main2
237 10000 3 1 15092 Main2
198 10000 3 1 15081 Main2
29 10000 3 1 15016 Main2
322 10000 3 1 15015 Main2
208 10000 3 1 14900 Main3
314 10000 3 1 15000 Main3
272 10000 3 1 15434 Main3
122 10000 3 1 15265 Main3
207 10000 3 1 14954 Main3
357 10000 3 1 15152 Main3
348 10000 3 1 15165 Main3
47 10000 3 1 15249 Main3
82 10000 3 1 15135 Main3
137 10000 3 1 15289 Main3
120 10000 3 1 15106 Main3
45 10000 3 1 15391 Main3
180 10000 3 1 15037 Main3
306 10000 3 1 14965 Main3
248 10000 3 1 15369 Main3
358 10000 3 1 15028 Main3
294 10000 3 1 15757 Main3
351 10000 3 1 15103 Main3
292 10000 3 1 15390 Main3
233 10000 3 1 15091 Main3
15 10000 3 1 15344 Main3
75 10000 3 1 14991 Main3
324 10000 3 1 14990 Main3
331 10000 3 1 15084 Main3
267 10000 3 1 15358 Main3
189 10000 3 1 15119 Main3
53 10000 3 1 15299 Main3
90 10000 3 1 15083 Main3
198 10000 3 1 14925 Main3
350 10000 3 1 15148 Main3
31 10000 3 1 15067 Main3
242 10000 3 1 14894 Main3
353 10000 3 1 15324 Main3
179 10000 3 1 15089 Main3
59 10000 3 1 15371 Main3
355 10000 3 1 15310 Main3
43 10000 3 1 15145 Main3
42 10000 3 1 14897 Main3
191 10000 3 1 15043 Main3
235 10000 3 1 14931 Main3
216 10000 3 1 14977 Main3
140 10000 3 1 15082 Main3
340 10000 3 1 14991 Main3
249 10000 3 1 14947 Main3
148 10000 3 1 15056 Main3
276 10000 3 1 14990 Main3
83 10000 3 1 15117 Main3
287 10000 3 1 14955 Main3
349 10000 3 1 14901 Main3
147 10000 3 1 15359 Main3
157 10000 3 1 15115 Main3
273 10000 3 1 14988 Main3
63 10000 3 1 14950 Main3
342 10000 3 1 15394 Main3
318 10000 3 1 14937 Main3
117 10000 3 1 15166 Main3
77 10000 3 1 15225 Main3
144 10000 3 1 15110 Main3
22 10000 3 1 15203 Main3
73 10000 3 1 15009 Main3
326 10000 3 1 15014 Main4
43 10000 3 1 15063 Main4
301 10000 3 1 15002 Main4
124 10000 3 1 15100 Main4
330 10000 3 1 15154 Main4
175 10000 3 1 15101 Main4
41 10000 3 1 15067 Main4
304 10000 3 1 15397 Main4
120 10000 3 1 15009 Main4
201 10000 3 1 15101 Main4
251 10000 3 1 15655 Main4
159 10000 3 1 15147 Main4
244 10000 3 1 15361 Main4
105 10000 3 1 15116 Main4
29 10000 3 1 14929 Main4
62 10000 3 1 15003 Main4
155 10000 3 1 15388 Main4
273 10000 3 1 15041 Main4
127 10000 3 1 15283 Main4
334 10000 3 1 15126 Main4
48 10000 3 1 14988 Main4
307 10000 3 1 15214 Main4
163 10000 3 1 15156 Main4
288 10000 3 1 15212 Main4
63 10000 3 1 14899 Main4
265 10000 3 1 15261 Main4
174 10000 3 1 14968 Main4
188 10000 3 1 15387 Main4
108 10000 3 1 15184 Main4
213 10000 3 1 14865 Main4
349 10000 3 1 15090 Main4
313 10000 3 1 15069 Main4
351 10000 3 1 15341 Main4
87 10000 3 1 15121 Main4
231 10000 3 1 15300 Main4
323 10000 3 1 14947 Main4
31 10000 3 1 14991 Main4
72 10000 3 1 15049 Main4
190 10000 3 1 15417 Main4
107 10000 3 1 15698 Main4
202 10000 3 1 15112 Main4
85 10000 3 1 15047 Main4
282 10000 3 1 15101 Main4
79 10000 3 1 15025 Main4
281 10000 3 1 14971 Main4
360 10000 3 1 15108 Main4
197 10000 3 1 15182 Main4
177 10000 3 1 15129 Main4
11 10000 3 1 15090 Main4
89 10000 3 1 15233 Main4
98 10000 3 1 15172 Main4
23 10000 3 1 15127 Main4
50 10000 3 1 14974 Main4
136 10000 3 1 14858 Main4
329 10000 3 1 15354 Main4
157 10000 3 1 15107 Main4
88 10000 3 1 15000 Main4
192 10000 3 1 14895 Main4
27 10000 3 1 14992 Main4
222 10000 3 1 15003 Main4
5 10000 3 1 15016 Main5
144 10000 3 1 15238 Main5
37 10000 3 1 14980 Main5
66 10000 3 1 15223 Main5
223 10000 3 1 15149 Main5
138 10000 3 1 15202 Main5
2 10000 3 1 15030 Main5
289 10000 3 1 15275 Main5
294 10000 3 1 15224 Main5
322 10000 3 1 15170 Main5
24 10000 3 1 15139 Main5
108 10000 3 1 15202 Main5
307 10000 3 1 15217 Main5
128 10000 3 1 14918 Main5
48 10000 3 1 15246 Main5
39 10000 3 1 14870 Main5
67 10000 3 1 15076 Main5
184 10000 3 1 15243 Main5
279 10000 3 1 14906 Main5
212 10000 3 1 15014 Main5
276 10000 3 1 14910 Main5
20 10000 3 1 15055 Main5
15 10000 3 1 15027 Main5
333 10000 3 1 15145 Main5
251 10000 3 1 15007 Main5
352 10000 3 1 14936 Main5
341 10000 3 1 15072 Main5
201 10000 3 1 15034 Main5
30 10000 3 1 15096 Main5
342 10000 3 1 15039 Main5
219 10000 3 1 15070 Main5
130 10000 3 1 15184 Main5
103 10000 3 1 15052 Main5
296 10000 3 1 14967 Main5
308 10000 3 1 15175 Main5
29 10000 3 1 15071 Main5
225 10000 3 1 14970 Main5
102 10000 3 1 14865 Main5
250 10000 3 1 14978 Main5
318 10000 3 1 15200 Main5
60 10000 3 1 14937 Main5
156 10000 3 1 14906 Main5
26 10000 3 1 15145 Main5
38 10000 3 1 14994 Main5
13 10000 3 1 15150 Main5
319 10000 3 1 15008 Main5
8 10000 3 1 14898 Main5
209 10000 3 1 15067 Main5
148 10000 3 1 14989 Main5
359 10000 3 1 15050 Main5
190 10000 3 1 14970 Main5
78 10000 3 1 14913 Main5
348 10000 3 1 15055 Main5
355 10000 3 1 15081 Main5
105 10000 3 1 14898 Main5
204 10000 3 1 15106 Main5
207 10000 3 1 15178 Main5
205 10000 3 1 15121 Main5
349 10000 3 1 14899 Main5
176 10000 3 1 14906 Main5
261 10000 3 1 15231 Main6
247 10000 3 1 15253 Main6
79 10000 3 1 15002 Main6
278 10000 3 1 15178 Main6
34 10000 3 1 14969 Main6
118 10000 3 1 15015 Main6
150 10000 3 1 15211 Main6
31 10000 3 1 14915 Main6
324 10000 3 1 15263 Main6
74 10000 3 1 15128 Main6
53 10000 3 1 15227 Main6
358 10000 3 1 14896 Main6
92 10000 3 1 15077 Main6
63 10000 3 1 15148 Main6
323 10000 3 1 15186 Main6
262 10000 3 1 15176 Main6
193 10000 3 1 14867 Main6
350 10000 3 1 14905 Main6
286 10000 3 1 15141 Main6
188 10000 3 1 15050 Main6
124 10000 3 1 15152 Main6
183 10000 3 1 14922 Main6
203 10000 3 1 15146 Main6
81 10000 3 1 15037 Main6
16 10000 3 1 15058 Main6
219 10000 3 1 15041 Main6
326 10000 3 1 14905 Main6
210 10000 3 1 15063 Main6
95 10000 3 1 15033 Main6
338 10000 3 1 15207 Main6
331 10000 3 1 15045 Main6
36 10000 3 1 15063 Main6
97 10000 3 1 15259 Main6
241 10000 3 1 15084 Main6
297 10000 3 1 14878 Main6
205 10000 3 1 15030 Main6
240 10000 3 1 15223 Main6
141 10000 3 1 14990 Main6
67 10000 3 1 14946 Main6
244 10000 3 1 15021 Main6
309 10000 3 1 14900 Main6
135 10000 3 1 15121 Main6
271 10000 3 1 15234 Main6
349 10000 3 1 15053 Main6
209 10000 3 1 15111 Main6
122 10000 3 1 15260 Main6
185 10000 3 1 15132 Main6
277 10000 3 1 15117 Main6
275 10000 3 1 15031 Main6
155 10000 3 1 15235 Main6
66 10000 3 1 15009 Main6
260 10000 3 1 15035 Main6
75 10000 3 1 15151 Main6
254 10000 3 1 14916 Main6
266 10000 3 1 14896 Main6
295 10000 3 1 14946 Main6
215 10000 3 1 15235 Main6
18 10000 3 1 14914 Main6
156 10000 3 1 15178 Main6
174 10000 3 1 14928 Main6
