348 10000 3 1 15124 Main1
211 776 1 1 6028 Main1
30 10000 3 1 15246 Main1
14 10000 3 1 15056 Main1
58 947 2 2 6063 Main1
201 132 1 1 5335 Main1
218 129 1 1 5099 Main1
98 339 1 1 5469 Main1
45 460 2 2 5377 Main1
67 10000 3 1 15103 Main1
5 10000 3 1 15186 Main1
163 10000 3 1 15159 Main1
91 10000 3 1 15017 Main1
295 10000 3 1 15160 Main1
239 10000 3 1 15254 Main1
224 10000 3 1 15020 Main1
149 10000 3 1 14892 Main1
198 10000 3 1 15082 Main1
316 10000 3 1 15202 Main1
325 10000 3 1 15156 Main1
97 10000 3 1 15127 Main1
352 10000 3 1 14932 Main1
292 10000 3 1 14982 Main1
251 10000 3 1 15258 Main1
250 10000 3 1 15009 Main1
11 10000 3 1 15022 Main1
150 10000 3 1 15110 Main1
314 10000 3 1 15266 Main1
126 10000 3 1 15282 Main1
108 10000 3 1 15216 Main1
334 10000 3 1 15219 Main1
81 319 2 3 5304 Main1
260 683 2 2 5914 Main1
235 444 2 3 5342 Main1
243 469 1 1 5590 Main1
268 417 2 3 5583 Main1
88 375 1 1 5604 Main1
9 595 2 3 5711 Main1
197 10000 3 1 15224 Main1
315 10000 3 1 15068 Main1
308 10000 3 1 15266 Main1
22 10000 3 1 15190 Main1
244 10000 3 1 15076 Main1
249 402 1 1 5538 Main1
10 545 1 1 5444 Main1
83 546 2 3 5767 Main1
39 417 2 2 5636 Main1
286 455 1 1 5380 Main1
182 468 1 1 5408 Main1
204 625 2 2 5852 Main1
113 373 2 3 5409 Main1
167 405 1 1 5394 Main1
275 311 2 2 5246 Main1
301 336 1 1 5498 Main1
288 364 2 3 5219 Main1
119 561 2 2 5808 Main1
84 335 1 1 5404 Main1
196 265 2 3 5341 Main1
245 382 2 2 5500 Main1
66 324 2 2 5271 Main1
9 329 1 1 5572 Main2
182 403 2 2 5360 Main2
340 340 1 1 5477 Main2
74 322 2 3 5419 Main2
176 472 2 3 5453 Main2
343 294 2 2 5309 Main2
75 495 1 1 5390 Main2
65 244 2 2 5316 Main2
295 375 1 1 5384 Main2
243 353 2 3 5513 Main2
116 302 2 2 5435 Main2
345 267 1 1 5143 Main2
351 405 2 2 5420 Main2
103 303 1 1 5236 Main2
281 325 2 3 5237 Main2
53 268 2 2 5263 Main2
190 285 1 1 5246 Main2
85 2959 2 2 7918 Main2
273 414 1 1 5368 Main2
204 1009 2 2 6258 Main2
221 495 1 1 5666 Main2
307 448 1 1 5443 Main2
245 388 2 3 5485 Main2
230 188 2 2 5216 Main2
337 468 1 1 5545 Main2
60 343 2 2 5509 Main2
108 382 2 3 5421 Main2
68 646 2 2 5716 Main2
197 419 1 1 5674 Main2
217 697 2 2 5610 Main2
32 513 1 1 5430 Main2
179 481 2 2 5583 Main2
142 144 1 1 5022 Main2
356 636 2 3 5802 Main2
263 462 2 2 5493 Main2
72 450 2 3 5672 Main2
39 3133 1 1 8187 Main2
213 651 1 1 5535 Main2
205 382 2 2 5551 Main2
31 437 2 3 5510 Main2
292 662 1 1 5672 Main2
80 3785 2 2 8844 Main2
294 2592 2 2 7639 Main2
248 317 2 2 5471 Main2
282 1409 2 2 6306 Main2
188 1707 1 1 6657 Main2
189 1027 2 3 6221 Main2
331 3125 2 2 8304 Main2
269 1037 1 1 6293 Main2
338 1839 2 3 7064 Main2
317 1519 2 2 6652 Main2
174 952 2 2 5911 Main2
43 2801 2 2 7956 Main2
117 1786 2 3 7001 Main2
251 235 1 1 5401 Main2
146 1437 2 2 6512 Main2
97 1917 2 2 6815 Main2
202 3840 2 2 8760 Main2
111 974 2 3 5920 Main2
81 1428 2 3 6314 Main2
150 429 1 1 5319 Main3
180 820 1 1 5936 Main3
280 4910 1 1 10136 Main3
65 1114 1 1 6097 Main3
25 2808 1 1 7975 Main3
6 961 1 1 6169 Main3
309 1456 1 1 6579 Main3
340 519 1 1 5499 Main3
129 1267 1 1 6407 Main3
311 85 1 1 5017 Main3
59 1396 1 1 6367 Main3
232 875 1 1 5790 Main3
55 938 1 1 5907 Main3
270 663 1 1 5797 Main3
42 2023 1 1 6913 Main3
85 1521 1 1 6648 Main3
170 3397 1 1 8418 Main3
201 1326 1 1 6231 Main3
9 5567 1 1 10676 Main3
7 1342 1 1 6281 Main3
155 2387 1 1 7386 Main3
302 1062 1 1 6085 Main3
258 550 1 1 5579 Main3
310 6033 1 1 11080 Main3
314 756 2 2 5931 Main3
354 712 2 3 5923 Main3
13 938 2 3 5972 Main3
234 653 2 3 5839 Main3
267 445 2 2 5679 Main3
343 990 2 2 5962 Main3
185 6868 1 1 11743 Main3
331 1730 1 1 6948 Main3
52 4597 1 1 9608 Main3
236 807 2 2 5874 Main3
182 2451 2 2 7562 Main3
282 1216 1 1 6182 Main3
249 10000 3 1 14882 Main3
40 556 1 1 5809 Main3
330 1325 1 1 6343 Main3
192 984 1 1 6016 Main3
319 47 1 1 4980 Main3
107 965 1 1 6069 Main3
144 1388 1 1 6440 Main3
41 892 1 1 5811 Main3
307 1116 1 1 6296 Main3
341 455 1 1 5399 Main3
108 3874 1 1 9090 Main3
248 3566 1 1 8731 Main3
277 1462 1 1 6570 Main3
87 1995 1 1 7184 Main3
312 1264 1 1 6260 Main3
243 1254 1 1 6191 Main3
219 1388 1 1 6369 Main3
161 6045 1 1 11302 Main3
190 3105 1 1 8334 Main3
322 4447 1 1 9517 Main3
194 5168 1 1 10079 Main3
179 2023 1 1 7250 Main3
132 2628 1 1 7829 Main3
181 672 1 1 5885 Main3
269 1271 2 2 6382 Main4
90 1453 2 2 6314 Main4
227 1344 2 3 6344 Main4
14 1057 1 1 5983 Main4
83 1323 2 2 6550 Main4
335 1056 1 1 6152 Main4
358 1369 2 2 6591 Main4
211 415 1 1 5573 Main4
91 354 1 1 5603 Main4
256 1302 2 2 6409 Main4
208 1109 2 3 6208 Main4
181 1207 1 1 6396 Main4
226 1825 1 1 6913 Main4
108 195 1 1 5417 Main4
330 1291 1 1 6386 Main4
198 1390 1 1 6622 Main4
353 3387 1 1 8503 Main4
283 2964 1 1 8133 Main4
340 1928 1 1 6995 Main4
230 744 1 1 5968 Main4
318 2878 1 1 8063 Main4
44 1097 1 1 6181 Main4
175 1246 1 1 6121 Main4
253 1620 1 1 6599 Main4
303 1181 1 1 6394 Main4
254 1075 1 1 6206 Main4
355 1611 1 1 6583 Main4
242 810 1 1 6081 Main4
194 977 1 1 6106 Main4
339 1309 1 1 6500 Main4
13 1174 1 1 6386 Main4
89 5229 1 1 10098 Main4
322 1594 1 1 6779 Main4
104 294 1 1 5281 Main4
17 362 1 1 5470 Main4
293 1729 1 1 6746 Main4
171 966 1 1 5844 Main4
32 1166 1 1 6250 Main4
126 3457 1 1 8702 Main4
182 2834 1 1 7847 Main4
40 2586 1 1 7638 Main4
124 475 1 1 5550 Main4
297 568 1 1 5496 Main4
102 818 1 1 5744 Main4
214 1839 1 1 6888 Main4
347 7158 1 1 12095 Main4
178 2436 1 1 7509 Main4
299 954 1 1 6206 Main4
96 815 1 1 5840 Main4
225 9413 1 1 14377 Main4
144 2456 1 1 7363 Main4
7 7229 1 1 12376 Main4
190 4225 1 1 9202 Main4
34 3366 1 1 8577 Main4
137 714 1 1 5605 Main4
22 1171 1 1 6381 Main4
153 1272 1 1 6404 Main4
274 742 1 1 5671 Main4
176 814 1 1 5812 Main4
18 1305 1 1 6224 Main4
357 1025 1 1 5891 Main5
5 2919 1 1 7921 Main5
116 505 1 1 5752 Main5
90 2412 1 1 7591 Main5
330 787 1 1 5726 Main5
185 910 1 1 6056 Main5
197 1728 1 1 6646 Main5
108 930 1 1 5929 Main5
182 981 1 1 6002 Main5
153 200 1 1 5389 Main5
187 847 1 1 6056 Main5
139 1615 1 1 6560 Main5
102 1910 1 1 7054 Main5
303 964 1 1 6035 Main5
241 981 1 1 6184 Main5
117 1451 1 1 6615 Main5
233 3287 1 1 8473 Main5
267 1637 1 1 6520 Main5
277 2628 1 1 7821 Main5
315 1235 1 1 6357 Main5
35 714 1 1 5629 Main5
290 2748 1 1 7816 Main5
273 1320 1 1 6328 Main5
166 1465 1 1 6555 Main5
163 955 1 1 6190 Main5
244 1563 1 1 6598 Main5
4 3727 1 1 8592 Main5
323 1095 1 1 5985 Main5
232 3117 1 1 8364 Main5
105 1252 1 1 6372 Main5
334 818 1 1 5941 Main5
284 846 1 1 5890 Main5
325 576 1 1 5688 Main5
97 2187 1 1 7355 Main5
329 656 1 1 5814 Main5
14 626 1 1 5822 Main5
66 2171 1 1 7128 Main5
70 310 1 1 5364 Main5
286 7246 1 1 12492 Main5
41 1373 1 1 6447 Main5
195 2203 1 1 7173 Main5
92 9201 1 1 14174 Main5
321 1894 1 1 6865 Main5
347 1157 1 1 6145 Main5
43 5897 1 1 10925 Main5
255 5451 1 1 10543 Main5
174 904 1 1 6141 Main5
317 3362 1 1 8450 Main5
48 1885 1 1 6795 Main5
71 5011 1 1 10200 Main5
165 1304 1 1 6228 Main5
164 999 1 1 6023 Main5
275 1756 1 1 6796 Main5
251 1218 1 1 6300 Main5
343 1900 1 1 6941 Main5
345 1526 1 1 6527 Main5
168 1204 1 1 6441 Main5
289 4161 1 1 9404 Main5
306 1703 1 1 6844 Main5
188 1941 1 1 7024 Main5
173 1014 1 1 5954 Main6
59 1433 1 1 6600 Main6
42 1977 1 1 7028 Main6
233 970 1 1 6011 Main6
141 685 1 1 5727 Main6
140 1704 1 1 6597 Main6
209 253 1 1 5268 Main6
134 2931 1 1 7878 Main6
352 1017 1 1 5942 Main6
23 2408 1 1 7512 Main6
54 2365 1 1 7597 Main6
176 2163 1 1 7177 Main6
5 1149 1 1 6220 Main6
226 267 1 1 5402 Main6
263 754 1 1 5791 Main6
25 8008 1 1 13055 Main6
223 1161 1 1 6097 Main6
20 2170 1 1 7384 Main6
163 1320 1 1 6396 Main6
339 1016 1 1 5968 Main6
102 1669 1 1 6552 Main6
220 1189 1 1 6264 Main6
326 5050 1 1 10254 Main6
234 2111 1 1 7187 Main6
273 512 1 1 5782 Main6
38 10000 3 1 15127 Main6
275 819 1 1 6036 Main6
156 705 1 1 5611 Main6
348 1086 1 1 6110 Main6
78 627 1 1 5517 Main6
346 584 1 1 5598 Main6
194 1858 1 1 6992 Main6
132 1234 1 1 6412 Main6
53 2230 1 1 7216 Main6
318 708 1 1 5855 Main6
124 780 1 1 5995 Main6
168 1059 1 1 6307 Main6
76 1407 1 1 6605 Main6
235 1828 1 1 6803 Main6
100 817 1 1 5704 Main6
16 1309 1 1 6213 Main6
261 1329 1 1 6323 Main6
221 1582 1 1 6590 Main6
28 1221 1 1 6287 Main6
227 1144 1 1 6195 Main6
157 999 1 1 6142 Main6
69 1924 1 1 7068 Main6
190 1075 1 1 6296 Main6
49 890 1 1 5770 Main6
114 938 1 1 5817 Main6
285 1161 1 1 6098 Main6
3 840 1 1 5987 Main6
17 3034 1 1 7957 Main6
317 2334 1 1 7563 Main6
258 1132 1 1 6261 Main6
265 993 1 1 6143 Main6
39 971 1 1 5936 Main6
281 2166 1 1 7405 Main6
81 1275 1 1 6347 Main6
91 311 1 1 5341 Main6
