66 10000 3 1 17415 Main1
163 10000 3 1 15175 Main1
93 6738 1 1 11589 Main1
147 541 1 1 5681 Main1
189 686 2 3 5678 Main1
124 466 2 3 5358 Main1
306 491 2 3 5639 Main1
166 387 2 2 5543 Main1
55 1179 1 1 6021 Main1
126 624 2 2 5588 Main1
23 610 2 3 5607 Main1
290 720 2 2 5750 Main1
218 199 2 2 5148 Main1
156 607 2 3 5611 Main1
352 118 2 3 5307 Main1
22 426 1 1 5336 Main1
252 736 2 3 5901 Main1
74 539 1 1 5390 Main1
235 109 2 3 5284 Main1
188 589 2 3 5717 Main1
353 718 2 3 5620 Main1
186 785 2 3 5860 Main1
42 457 2 3 5458 Main1
304 1248 2 3 6418 Main1
79 808 1 1 5711 Main1
139 374 1 1 5539 Main1
206 398 1 1 5586 Main1
341 501 2 3 5462 Main1
127 1775 1 1 6671 Main1
61 1387 2 3 6427 Main1
197 1616 2 3 6494 Main1
293 1958 2 3 6909 Main1
301 2522 2 2 7439 Main1
263 5718 2 2 10931 Main1
323 677 2 2 5642 Main1
326 667 2 2 5627 Main1
220 867 2 2 6032 Main1
316 228 2 3 5326 Main1
360 988 1 1 5907 Main1
226 1496 2 3 6648 Main1
239 1460 2 2 6430 Main1
77 475 2 3 5573 Main1
346 582 2 3 5458 Main1
327 1064 2 3 5935 Main1
152 374 1 1 5459 Main1
276 1978 1 1 6814 Main1
282 589 2 2 5623 Main1
173 273 2 2 5262 Main1
86 489 2 2 5658 Main1
333 532 1 1 5368 Main1
6 59 1 1 5191 Main1
328 1425 2 2 6291 Main1
236 546 2 2 5437 Main1
295 601 2 3 5768 Main1
176 596 2 2 5419 Main1
15 637 1 1 5830 Main1
179 891 2 2 5905 Main1
261 411 1 1 5511 Main1
164 573 2 2 5655 Main1
137 905 2 3 6013 Main1
152 628 1 1 5621 Main2
35 662 1 1 5816 Main2
53 638 2 2 5497 Main2
113 561 1 1 5761 Main2
104 689 2 2 5629 Main2
146 503 2 2 5384 Main2
54 501 2 2 5590 Main2
208 763 1 1 5883 Main2
325 829 1 1 6017 Main2
298 32 2 2 4905 Main2
162 568 2 2 5572 Main2
333 1120 1 1 6056 Main2
225 375 1 1 5455 Main2
228 978 1 1 6129 Main2
289 686 2 3 5760 Main2
173 713 2 2 5800 Main2
311 708 2 3 5830 Main2
354 717 2 2 5545 Main2
279 623 1 1 5491 Main2
323 596 2 2 5519 Main2
337 577 2 2 5537 Main2
320 1238 2 3 6099 Main2
332 699 1 1 5624 Main2
101 716 1 1 5657 Main2
33 1052 1 1 6133 Main2
296 509 2 2 5431 Main2
341 945 1 1 5774 Main2
357 658 2 2 5732 Main2
192 713 2 2 5755 Main2
301 673 2 2 5516 Main2
235 1067 2 2 6008 Main2
141 456 2 3 5343 Main2
305 604 1 1 5651 Main2
150 553 2 3 5729 Main2
40 1099 1 1 6127 Main2
118 498 1 1 5610 Main2
313 1348 1 1 6485 Main2
153 596 1 1 5568 Main2
66 376 1 1 5307 Main2
175 918 2 3 6112 Main2
229 1770 1 1 6634 Main2
77 900 2 3 5745 Main2
286 99 2 3 5143 Main2
205 530 1 1 5594 Main2
4 1006 1 1 6029 Main2
52 794 1 1 5784 Main2
272 799 1 1 5970 Main2
11 680 2 3 5825 Main2
17 767 2 3 5614 Main2
21 639 1 1 5571 Main2
223 666 2 2 5679 Main2
25 325 1 1 5499 Main2
285 284 2 3 5232 Main2
78 1028 2 3 6160 Main2
338 533 1 1 5664 Main2
15 630 2 3 5764 Main2
201 159 1 1 5044 Main2
266 882 2 2 6030 Main2
303 870 1 1 5976 Main2
31 802 2 2 5953 Main2
325 818 2 3 5753 Main3
140 1264 2 2 6462 Main3
94 1040 1 1 6013 Main3
111 900 1 1 5991 Main3
253 611 2 2 5584 Main3
334 857 1 1 5750 Main3
178 1619 2 2 6704 Main3
317 510 2 3 5632 Main3
278 1054 1 1 6228 Main3
341 1390 1 1 6400 Main3
75 501 1 1 5425 Main3
298 1443 1 1 6287 Main3
115 1232 1 1 6056 Main3
214 1309 1 1 6165 Main3
63 630 1 1 5824 Main3
41 593 1 1 5727 Main3
134 624 1 1 5795 Main3
357 686 2 3 5538 Main3
342 949 2 2 5820 Main3
125 619 1 1 5744 Main3
230 688 2 3 5866 Main3
118 458 1 1 5486 Main3
348 416 2 3 5474 Main3
99 670 1 1 5799 Main3
52 576 2 2 5760 Main3
24 628 2 2 5707 Main3
217 574 1 1 5575 Main3
191 554 1 1 5669 Main3
71 476 1 1 5435 Main3
215 714 1 1 5694 Main3
291 490 1 1 5448 Main3
176 607 2 2 5502 Main3
358 775 2 2 5992 Main3
304 764 1 1 5828 Main3
228 717 2 3 5792 Main3
163 1045 2 2 6087 Main3
147 57 2 3 5267 Main3
127 575 1 1 5699 Main3
184 545 1 1 5376 Main3
333 476 1 1 5513 Main3
14 843 2 2 5684 Main3
208 720 2 2 5729 Main3
360 53 2 3 4932 Main3
50 38 2 3 4955 Main3
132 771 2 2 5594 Main3
13 535 2 2 5523 Main3
284 640 2 2 5792 Main3
64 451 1 1 5379 Main3
227 54 2 3 4890 Main3
282 909 2 2 5989 Main3
259 411 2 3 5248 Main3
7 531 1 1 5566 Main3
340 532 1 1 5621 Main3
275 1314 1 1 6300 Main3
280 1609 1 1 6620 Main3
136 62 2 3 5250 Main3
46 54 2 3 5147 Main3
310 841 1 1 5920 Main3
168 3700 2 3 8540 Main3
205 581 1 1 5754 Main3
32 1016 1 1 5847 Main4
324 1190 2 2 6211 Main4
292 643 2 2 5835 Main4
278 905 1 1 5962 Main4
136 561 2 3 5658 Main4
176 710 2 2 5547 Main4
34 672 1 1 5691 Main4
100 1379 1 1 6488 Main4
232 760 2 2 5733 Main4
129 897 1 1 6086 Main4
309 933 1 1 5909 Main4
297 397 2 3 5450 Main4
53 604 2 2 5614 Main4
240 518 2 3 5343 Main4
300 466 2 3 5603 Main4
264 373 2 2 5352 Main4
146 934 2 2 6077 Main4
349 385 2 3 5225 Main4
253 603 2 2 5630 Main4
229 113 2 3 5253 Main4
135 804 2 2 5920 Main4
325 431 2 3 5251 Main4
42 389 2 2 5221 Main4
336 607 1 1 5463 Main4
126 589 2 2 5696 Main4
342 606 2 2 5428 Main4
75 1622 2 3 6841 Main4
352 244 1 1 5240 Main4
252 387 2 2 5412 Main4
265 459 2 3 5324 Main4
85 187 2 3 5382 Main4
207 341 2 3 5269 Main4
255 485 2 3 5510 Main4
152 615 1 1 5710 Main4
122 701 1 1 5788 Main4
43 419 2 2 5500 Main4
235 330 2 2 5230 Main4
223 578 2 2 5790 Main4
131 559 2 2 5581 Main4
205 602 2 2 5597 Main4
303 225 1 1 5435 Main4
204 502 2 2 5537 Main4
68 565 1 1 5613 Main4
228 434 2 3 5456 Main4
351 490 1 1 5671 Main4
81 564 1 1 5496 Main4
86 669 1 1 5620 Main4
159 429 1 1 5321 Main4
211 756 2 2 5581 Main4
117 27 2 3 5045 Main4
282 536 2 2 5733 Main4
178 125 1 1 5335 Main4
202 422 1 1 5505 Main4
353 369 2 2 5433 Main4
82 847 1 1 5797 Main4
142 450 2 3 5434 Main4
35 476 1 1 5667 Main4
320 115 2 3 5099 Main4
335 542 1 1 5506 Main4
50 54 2 3 5013 Main4
105 477 2 2 5491 Main5
150 210 2 3 5365 Main5
126 570 1 1 5473 Main5
148 687 1 1 5812 Main5
287 603 2 3 5815 Main5
8 893 1 1 5824 Main5
228 421 2 3 5580 Main5
173 401 2 2 5417 Main5
217 624 1 1 5629 Main5
234 334 2 2 5178 Main5
342 433 1 1 5405 Main5
318 521 2 3 5657 Main5
144 14 2 2 4965 Main5
283 471 2 2 5396 Main5
128 2247 1 1 7313 Main5
272 584 1 1 5772 Main5
277 438 1 1 5397 Main5
63 2151 1 1 7162 Main5
70 1868 1 1 6877 Main5
269 1872 2 2 6746 Main5
243 1744 1 1 6709 Main5
134 506 2 2 5609 Main5
226 402 2 3 5469 Main5
245 421 1 1 5396 Main5
153 436 1 1 5483 Main5
218 1603 1 1 6606 Main5
68 1558 1 1 6477 Main5
19 378 1 1 5507 Main5
298 470 1 1 5398 Main5
37 634 1 1 5795 Main5
206 592 1 1 5583 Main5
200 1672 2 2 6689 Main5
284 1051 2 2 6256 Main5
197 582 2 3 5679 Main5
316 1186 2 3 6331 Main5
135 442 2 2 5286 Main5
89 826 2 2 5812 Main5
169 441 2 3 5447 Main5
180 520 2 3 5577 Main5
178 554 2 2 5601 Main5
199 439 2 3 5367 Main5
256 1813 2 3 6852 Main5
138 623 2 3 5815 Main5
330 573 2 3 5629 Main5
280 1779 1 1 6819 Main5
3 559 1 1 5491 Main5
294 809 2 2 5736 Main5
225 680 1 1 5801 Main5
252 408 2 2 5372 Main5
43 605 2 2 5598 Main5
183 1340 1 1 6384 Main5
279 564 1 1 5705 Main5
359 1432 1 1 6412 Main5
113 397 2 2 5267 Main5
136 362 2 3 5362 Main5
190 557 1 1 5407 Main5
278 807 1 1 5962 Main5
326 655 1 1 5538 Main5
99 959 1 1 6050 Main5
273 361 1 1 5507 Main5
299 524 2 2 5614 Main6
77 83 2 3 4950 Main6
193 622 2 2 5522 Main6
258 186 2 3 5159 Main6
287 462 2 3 5300 Main6
66 579 1 1 5556 Main6
196 56 2 3 5090 Main6
129 467 1 1 5624 Main6
107 268 2 3 5236 Main6
346 86 2 3 4981 Main6
79 0 2 3 4864 Main6
151 569 2 2 5756 Main6
288 1803 2 3 6944 Main6
89 739 2 2 5899 Main6
27 688 2 3 5544 Main6
285 638 1 1 5649 Main6
50 550 2 3 5613 Main6
168 722 2 3 5811 Main6
97 571 1 1 5717 Main6
53 837 2 2 5895 Main6
4 619 1 1 5751 Main6
316 757 2 3 5866 Main6
23 489 2 2 5374 Main6
262 667 1 1 5802 Main6
177 598 2 3 5578 Main6
282 658 2 2 5763 Main6
141 509 2 2 5510 Main6
248 548 1 1 5580 Main6
303 369 1 1 5294 Main6
24 636 2 2 5787 Main6
223 394 1 1 5379 Main6
147 626 2 3 5759 Main6
98 1025 1 1 5985 Main6
166 581 2 3 5676 Main6
20 241 2 3 5085 Main6
237 1956 2 3 6964 Main6
348 681 2 3 5658 Main6
243 2114 2 3 7273 Main6
197 627 2 3 5564 Main6
137 712 2 3 5789 Main6
99 672 1 1 5793 Main6
52 409 2 2 5492 Main6
292 362 2 2 5480 Main6
162 603 2 2 5488 Main6
261 2324 2 3 7451 Main6
103 631 2 3 5600 Main6
279 714 1 1 5557 Main6
178 595 1 1 5775 Main6
294 576 2 2 5629 Main6
275 619 1 1 5782 Main6
347 251 2 3 5165 Main6
332 776 1 1 5617 Main6
354 414 2 2 5259 Main6
181 449 2 2 5381 Main6
278 1872 1 1 7032 Main6
301 440 2 2 5345 Main6
155 858 1 1 5787 Main6
160 758 1 1 5608 Main6
93 114 1 1 5119 Main6
5 866 1 1 6081 Main6
