350 10000 3 1 15029 Main1
335 842 1 1 5863 Main1
176 1549 1 1 6740 Main1
355 1053 2 2 6007 Main1
187 595 2 2 5459 Main1
7 954 2 2 5993 Main1
125 765 2 3 5685 Main1
238 1701 2 3 6733 Main1
145 799 2 2 5800 Main1
311 378 2 2 5281 Main1
333 5748 1 1 10812 Main1
231 724 2 2 5820 Main1
131 684 2 2 5788 Main1
73 291 1 1 5237 Main1
127 967 2 3 6161 Main1
156 724 2 2 5936 Main1
3 558 2 3 5572 Main1
64 1118 1 1 6105 Main1
304 3889 1 1 9093 Main1
261 633 1 1 5697 Main1
138 774 2 2 6009 Main1
2 968 1 1 5809 Main1
31 806 2 3 5811 Main1
130 1053 2 3 5997 Main1
351 1022 2 2 6239 Main1
262 599 2 3 5520 Main1
42 1441 2 3 6612 Main1
24 642 2 3 5821 Main1
258 469 2 2 5581 Main1
142 1092 1 1 6151 Main1
343 951 2 2 6100 Main1
293 674 1 1 5816 Main1
167 536 2 2 5662 Main1
106 540 1 1 5604 Main1
25 762 2 2 5897 Main1
171 484 2 2 5403 Main1
40 317 2 2 5445 Main1
149 1673 1 1 6846 Main1
14 745 1 1 5811 Main1
132 417 2 3 5335 Main1
11 724 2 2 5615 Main1
332 417 2 2 5365 Main1
59 1028 1 1 6036 Main1
91 520 1 1 5442 Main1
314 1187 2 2 6204 Main1
325 358 2 2 5490 Main1
23 2198 1 1 7233 Main1
139 101 1 1 5173 Main1
280 814 2 2 5692 Main1
223 948 2 2 6147 Main1
160 363 2 2 5402 Main1
87 370 2 3 5317 Main1
105 1902 2 3 6786 Main1
185 258 1 1 5436 Main1
264 442 1 1 5322 Main1
158 331 1 1 5422 Main1
330 411 1 1 5414 Main1
236 1404 1 1 6583 Main1
63 381 1 1 5601 Main1
22 313 2 2 5344 Main1
327 761 2 2 5709 Main2
205 327 2 2 5400 Main2
297 621 1 1 5550 Main2
316 173 1 1 5310 Main2
235 421 2 2 5390 Main2
25 521 2 2 5573 Main2
189 633 1 1 5849 Main2
339 312 2 2 5227 Main2
106 2106 2 3 7287 Main2
88 981 1 1 6048 Main2
281 1067 2 3 6161 Main2
314 1774 2 3 6997 Main2
321 453 1 1 5696 Main2
206 1116 1 1 5983 Main2
97 357 2 2 5227 Main2
210 429 1 1 5638 Main2
55 435 2 2 5408 Main2
313 1143 2 3 6158 Main2
147 459 2 2 5345 Main2
91 272 1 1 5519 Main2
95 446 1 1 5358 Main2
110 276 1 1 5419 Main2
328 223 2 3 5159 Main2
230 270 1 1 5386 Main2
15 1067 2 3 6058 Main2
66 252 1 1 5462 Main2
232 1160 2 2 6201 Main2
267 476 2 3 5528 Main2
245 203 1 1 5431 Main2
359 681 1 1 5651 Main2
190 3318 2 2 8218 Main2
360 4095 2 2 9317 Main2
138 365 1 1 5327 Main2
224 278 1 1 5483 Main2
60 738 2 2 5615 Main2
104 386 1 1 5278 Main2
126 465 2 2 5400 Main2
155 589 1 1 5464 Main2
195 1681 2 3 6674 Main2
51 276 1 1 5515 Main2
306 331 1 1 5577 Main2
86 1014 2 3 6213 Main2
248 808 2 2 6023 Main2
140 400 1 1 5403 Main2
284 430 1 1 5584 Main2
266 371 1 1 5386 Main2
227 365 1 1 5574 Main2
151 649 2 3 5700 Main2
21 262 1 1 5491 Main2
156 379 2 2 5555 Main2
307 1339 2 2 6387 Main2
308 325 1 1 5381 Main2
11 697 2 2 5620 Main2
293 1214 2 3 6404 Main2
305 424 1 1 5453 Main2
136 295 1 1 5292 Main2
65 411 1 1 5468 Main2
247 2745 2 3 7995 Main2
102 405 2 2 5292 Main2
219 1038 2 3 5909 Main2
9 808 2 3 5815 Main3
109 675 1 1 5844 Main3
278 61 2 2 4954 Main3
327 520 2 2 5597 Main3
21 319 1 1 5449 Main3
302 795 2 3 5982 Main3
352 282 2 2 5433 Main3
126 615 2 2 5597 Main3
199 327 1 1 5491 Main3
350 398 1 1 5544 Main3
206 950 2 3 6097 Main3
303 381 1 1 5353 Main3
179 406 2 2 5273 Main3
15 247 1 1 5135 Main3
354 133 1 1 5288 Main3
124 275 1 1 5465 Main3
349 310 1 1 5495 Main3
43 565 1 1 5823 Main3
284 1564 2 3 6520 Main3
254 1042 2 3 5931 Main3
81 160 1 1 5371 Main3
232 1353 2 2 6333 Main3
234 435 1 1 5643 Main3
138 573 1 1 5658 Main3
317 160 2 3 5170 Main3
200 813 1 1 6083 Main3
82 503 2 2 5733 Main3
77 420 1 1 5422 Main3
329 906 1 1 6125 Main3
205 445 2 2 5594 Main3
204 1912 1 1 7108 Main3
162 532 2 3 5718 Main3
95 408 1 1 5577 Main3
257 1104 1 1 6066 Main3
325 269 2 2 5233 Main3
308 345 1 1 5415 Main3
178 411 2 3 5663 Main3
330 318 1 1 5210 Main3
344 398 1 1 5351 Main3
186 208 1 1 5224 Main3
306 211 1 1 5326 Main3
355 360 2 2 5354 Main3
88 211 2 3 5391 Main3
58 1756 1 1 6924 Main3
129 328 2 3 5460 Main3
94 332 1 1 5280 Main3
168 373 1 1 5479 Main3
293 1078 2 3 6178 Main3
136 277 1 1 5287 Main3
18 2586 1 1 7524 Main3
156 384 2 2 5519 Main3
19 444 2 2 5382 Main3
161 184 2 2 5138 Main3
244 389 1 1 5623 Main3
139 181 1 1 5390 Main3
87 1304 2 2 6342 Main3
164 1537 2 3 6690 Main3
262 719 2 2 5906 Main3
34 138 1 1 5207 Main3
62 37 1 1 5083 Main3
26 985 1 1 6150 Main4
56 682 2 3 5651 Main4
137 374 2 2 5445 Main4
177 171 1 1 5073 Main4
57 4015 2 3 9076 Main4
336 930 1 1 5882 Main4
187 557 2 2 5784 Main4
98 977 1 1 6237 Main4
242 406 2 2 5275 Main4
180 356 1 1 5580 Main4
346 590 1 1 5795 Main4
298 490 2 3 5511 Main4
283 645 1 1 5571 Main4
220 624 1 1 5534 Main4
100 426 1 1 5690 Main4
244 550 1 1 5612 Main4
240 457 1 1 5689 Main4
257 471 2 2 5461 Main4
105 1592 1 1 6522 Main4
129 606 2 3 5730 Main4
256 89 1 1 5079 Main4
297 455 1 1 5661 Main4
303 590 1 1 5672 Main4
10 539 1 1 5609 Main4
325 778 2 2 6016 Main4
79 544 2 2 5428 Main4
22 705 2 2 5913 Main4
273 735 1 1 5657 Main4
59 406 2 2 5641 Main4
279 349 2 3 5280 Main4
62 405 2 2 5394 Main4
326 907 1 1 5928 Main4
80 379 2 2 5635 Main4
110 432 1 1 5315 Main4
84 436 1 1 5419 Main4
227 427 2 2 5373 Main4
299 814 1 1 5724 Main4
66 314 1 1 5224 Main4
20 736 1 1 5763 Main4
35 578 1 1 5621 Main4
349 389 1 1 5259 Main4
78 376 1 1 5384 Main4
13 288 2 3 5499 Main4
95 524 1 1 5605 Main4
89 562 1 1 5760 Main4
194 526 1 1 5777 Main4
85 121 2 2 5377 Main4
334 259 1 1 5341 Main4
160 308 2 2 5495 Main4
198 337 1 1 5355 Main4
140 305 2 2 5243 Main4
155 264 1 1 5414 Main4
7 386 2 3 5335 Main4
185 371 1 1 5338 Main4
131 871 2 3 6006 Main4
150 232 1 1 5326 Main4
161 478 2 3 5481 Main4
237 464 1 1 5370 Main4
103 131 1 1 5270 Main4
49 182 1 1 5350 Main4
215 406 1 1 5566 Main5
67 760 2 2 5995 Main5
77 906 2 2 5815 Main5
196 333 1 1 5252 Main5
15 409 2 3 5479 Main5
173 1538 2 3 6589 Main5
48 269 1 1 5255 Main5
356 400 1 1 5626 Main5
281 1512 2 2 6726 Main5
106 225 1 1 5488 Main5
338 215 1 1 5378 Main5
165 459 1 1 5582 Main5
278 479 1 1 5675 Main5
325 174 2 2 5384 Main5
35 426 1 1 5360 Main5
349 1169 2 3 6108 Main5
302 288 2 2 5525 Main5
199 340 1 1 5472 Main5
188 773 1 1 5647 Main5
192 1063 2 3 5949 Main5
172 674 2 3 5637 Main5
254 376 1 1 5255 Main5
231 451 1 1 5411 Main5
160 397 2 2 5385 Main5
74 645 1 1 5663 Main5
331 460 1 1 5378 Main5
208 312 2 3 5199 Main5
34 360 1 1 5341 Main5
245 400 1 1 5451 Main5
350 320 1 1 5529 Main5
54 1461 2 3 6656 Main5
271 463 2 3 5706 Main5
24 2297 1 1 7289 Main5
311 240 2 2 5433 Main5
125 449 1 1 5494 Main5
207 706 2 2 5760 Main5
332 413 2 2 5566 Main5
200 2657 2 2 7784 Main5
112 614 2 3 5744 Main5
5 360 1 1 5533 Main5
218 316 1 1 5382 Main5
179 364 1 1 5345 Main5
157 1165 2 3 6272 Main5
59 345 1 1 5406 Main5
100 449 2 2 5512 Main5
204 482 2 3 5598 Main5
73 448 2 3 5655 Main5
240 420 2 2 5599 Main5
285 684 2 3 5571 Main5
202 12 2 2 4969 Main5
57 397 1 1 5305 Main5
312 330 2 2 5545 Main5
304 1253 1 1 6384 Main5
123 333 1 1 5529 Main5
340 716 2 2 5967 Main5
149 997 2 3 6192 Main5
151 381 2 2 5352 Main5
169 163 1 1 5149 Main5
18 733 1 1 5773 Main5
2 521 2 2 5533 Main5
317 508 1 1 5642 Main6
36 401 2 2 5527 Main6
33 637 1 1 5849 Main6
298 439 2 3 5357 Main6
57 609 2 2 5795 Main6
339 388 2 2 5624 Main6
146 335 2 2 5257 Main6
274 320 1 1 5456 Main6
122 281 2 3 5234 Main6
342 410 2 2 5423 Main6
48 385 1 1 5633 Main6
195 670 1 1 5546 Main6
85 409 2 2 5432 Main6
254 168 1 1 5406 Main6
120 377 1 1 5496 Main6
239 814 1 1 5863 Main6
116 41 2 2 4910 Main6
250 298 2 2 5325 Main6
181 393 1 1 5635 Main6
123 857 1 1 6095 Main6
105 891 1 1 6031 Main6
56 246 1 1 5140 Main6
104 522 1 1 5743 Main6
165 330 2 3 5454 Main6
343 1210 2 3 6233 Main6
97 389 2 2 5312 Main6
278 637 2 2 5801 Main6
28 267 2 3 5336 Main6
18 285 1 1 5266 Main6
284 692 2 3 5758 Main6
117 968 1 1 6157 Main6
106 83 1 1 4955 Main6
168 204 1 1 5090 Main6
318 427 1 1 5605 Main6
45 646 2 3 5881 Main6
320 590 1 1 5482 Main6
325 356 2 2 5254 Main6
203 379 1 1 5589 Main6
89 51 2 2 4915 Main6
44 340 1 1 5518 Main6
248 483 1 1 5482 Main6
75 413 1 1 5590 Main6
30 719 1 1 5770 Main6
334 367 1 1 5403 Main6
15 524 2 3 5602 Main6
64 476 1 1 5476 Main6
193 1069 2 3 6115 Main6
52 709 2 2 5941 Main6
244 686 1 1 5877 Main6
323 1273 2 3 6327 Main6
70 495 2 2 5448 Main6
230 15 1 1 5190 Main6
87 100 1 1 5282 Main6
262 288 2 2 5247 Main6
350 358 2 2 5262 Main6
69 281 2 2 5503 Main6
324 328 1 1 5259 Main6
137 664 1 1 5642 Main6
233 487 1 1 5558 Main6
281 1251 2 3 6175 Main6
