110 1554 1 1 6644 Main1
272 833 1 1 5862 Main1
291 767 2 3 5687 Main1
189 720 2 2 5743 Main1
350 347 1 1 5508 Main1
260 538 2 2 5628 Main1
277 1093 2 3 6124 Main1
315 586 2 2 5653 Main1
131 735 2 3 5702 Main1
35 376 1 1 5221 Main1
14 652 2 2 5821 Main1
181 529 1 1 5471 Main1
146 547 1 1 5720 Main1
255 618 2 3 5495 Main1
305 471 1 1 5322 Main1
237 343 2 2 5501 Main1
283 793 2 3 5956 Main1
351 890 2 3 5885 Main1
45 1045 2 3 6237 Main1
161 421 2 3 5455 Main1
88 411 2 2 5277 Main1
265 483 1 1 5482 Main1
188 1424 2 2 6457 Main1
192 437 2 2 5605 Main1
80 746 2 2 5712 Main1
9 532 2 2 5594 Main1
22 1831 2 3 6980 Main1
215 761 1 1 5625 Main1
332 1086 2 3 6073 Main1
77 777 1 1 5847 Main1
92 443 2 2 5499 Main1
271 515 2 3 5362 Main1
346 562 2 2 5450 Main1
197 445 1 1 5373 Main1
290 418 1 1 5470 Main1
191 502 1 1 5598 Main1
111 314 1 1 5170 Main1
259 990 2 3 6078 Main1
194 673 2 2 5828 Main1
82 980 1 1 5796 Main1
352 1645 1 1 6501 Main1
46 541 2 2 5378 Main1
48 711 2 2 5896 Main1
89 780 1 1 5874 Main1
30 602 2 2 5444 Main1
133 512 1 1 5353 Main1
198 509 2 2 5538 Main1
65 767 1 1 5784 Main1
202 10000 3 1 15214 Main1
125 632 1 1 5841 Main1
28 10000 3 1 14900 Main1
108 10000 3 1 15022 Main1
266 765 1 1 5842 Main1
39 587 2 3 5550 Main1
230 451 1 1 5367 Main1
263 585 2 2 5792 Main1
330 537 2 2 5444 Main1
343 652 1 1 5859 Main1
256 432 2 2 5422 Main1
299 469 1 1 5428 Main1
186 804 2 3 5916 Main2
322 591 2 3 5691 Main2
265 439 1 1 5362 Main2
325 589 1 1 5686 Main2
185 2851 1 1 8063 Main2
347 850 1 1 5773 Main2
42 938 2 3 6127 Main2
324 1422 1 1 6355 Main2
305 1104 1 1 6198 Main2
49 556 2 2 5580 Main2
310 1249 2 3 6205 Main2
228 10000 3 1 15097 Main2
132 252 2 3 5391 Main2
306 213 2 3 5419 Main2
259 515 2 2 5501 Main2
29 225 2 2 5409 Main2
249 345 2 3 5443 Main2
95 129 1 1 4981 Main2
40 255 2 3 5094 Main2
234 438 2 2 5347 Main2
156 471 2 3 5507 Main2
253 627 1 1 5780 Main2
31 82 2 3 5133 Main2
326 120 1 1 5025 Main2
159 718 2 3 5666 Main2
278 860 1 1 5804 Main2
204 304 2 3 5377 Main2
318 10000 3 1 15029 Main2
101 810 1 1 6017 Main2
255 560 2 2 5554 Main2
52 85 2 3 5103 Main2
25 763 2 3 5801 Main2
348 10000 3 1 14905 Main2
10 438 2 3 5458 Main2
17 525 2 2 5559 Main2
103 2022 2 3 6971 Main2
272 528 2 2 5498 Main2
140 580 2 2 5706 Main2
169 474 1 1 5652 Main2
183 954 2 2 5999 Main2
247 1307 2 2 6390 Main2
162 178 2 3 5163 Main2
117 660 2 2 5639 Main2
97 238 2 3 5431 Main2
337 527 2 3 5431 Main2
41 91 2 3 5291 Main2
304 985 2 3 6200 Main2
137 343 1 1 5198 Main2
68 562 1 1 5659 Main2
179 10000 3 1 15075 Main2
283 869 2 3 5855 Main2
201 1428 2 3 6455 Main2
100 636 2 3 5836 Main2
45 70 2 3 5021 Main2
72 718 2 3 5795 Main2
197 1173 1 1 6216 Main2
152 1504 2 3 6548 Main2
123 1330 2 3 6272 Main2
90 1792 2 3 6938 Main2
274 345 2 3 5356 Main2
78 744 1 1 5694 Main3
243 437 2 3 5576 Main3
199 10000 3 1 15137 Main3
206 368 2 2 5200 Main3
257 279 1 1 5454 Main3
184 785 2 3 5957 Main3
90 417 2 2 5277 Main3
23 561 1 1 5617 Main3
58 753 1 1 5739 Main3
3 525 2 3 5363 Main3
11 635 2 3 5577 Main3
347 2567 2 3 7381 Main3
249 399 2 3 5344 Main3
174 732 2 3 5913 Main3
234 535 2 3 5391 Main3
120 398 2 2 5513 Main3
269 528 2 2 5697 Main3
121 420 2 3 5327 Main3
326 463 2 2 5344 Main3
290 648 2 2 5604 Main3
137 534 1 1 5493 Main3
154 833 2 3 5904 Main3
193 1160 2 3 6336 Main3
357 354 2 2 5351 Main3
354 370 2 3 5333 Main3
89 1009 2 2 6080 Main3
248 672 1 1 5519 Main3
263 277 2 3 5195 Main3
167 299 2 2 5298 Main3
72 197 2 3 5118 Main3
191 649 2 3 5655 Main3
13 2579 1 1 7714 Main3
222 808 2 3 5634 Main3
114 380 2 3 5248 Main3
141 572 2 3 5430 Main3
267 332 2 2 5234 Main3
266 10000 3 1 14854 Main3
281 71 2 3 5050 Main3
74 404 2 3 5317 Main3
119 29 2 2 5233 Main3
300 234 2 2 5181 Main3
196 106 1 1 5158 Main3
183 385 2 3 5332 Main3
19 28 2 2 5123 Main3
224 350 2 3 5416 Main3
260 10000 3 1 14899 Main3
312 394 2 3 5386 Main3
216 282 2 3 5378 Main3
45 585 2 3 5713 Main3
108 10000 3 1 15097 Main3
122 510 2 3 5459 Main3
333 515 2 3 5506 Main3
111 187 2 3 5172 Main3
144 353 2 3 5533 Main3
265 142 2 3 5064 Main3
31 437 2 3 5578 Main3
252 464 1 1 5285 Main3
181 655 2 3 5470 Main3
29 419 2 2 5504 Main3
69 239 2 3 5107 Main3
115 2 2 3 5016 Main4
5 362 1 1 5275 Main4
221 839 1 1 5952 Main4
250 270 2 3 5155 Main4
79 454 1 1 5563 Main4
61 1192 2 3 6141 Main4
294 545 1 1 5370 Main4
43 168 2 3 5322 Main4
247 334 2 3 5204 Main4
165 233 2 3 5401 Main4
83 677 2 3 5495 Main4
149 371 2 2 5373 Main4
196 513 1 1 5484 Main4
285 639 2 3 5584 Main4
224 553 2 3 5410 Main4
231 193 2 3 5148 Main4
81 302 2 3 5171 Main4
51 368 2 3 5413 Main4
232 59 2 3 4986 Main4
333 312 2 3 5423 Main4
102 109 2 3 5061 Main4
97 48 2 3 5127 Main4
212 450 2 3 5611 Main4
23 189 2 3 5090 Main4
77 345 1 1 5160 Main4
38 465 1 1 5377 Main4
134 160 2 3 5157 Main4
96 284 2 3 5110 Main4
358 628 2 2 5469 Main4
169 388 1 1 5540 Main4
308 1027 1 1 5881 Main4
157 52 2 3 5052 Main4
74 10000 3 1 15015 Main4
150 41 2 2 5009 Main4
180 10000 3 1 15065 Main4
179 112 2 2 5188 Main4
152 456 2 3 5609 Main4
348 295 2 2 5324 Main4
325 115 2 3 5035 Main4
205 194 2 3 5390 Main4
68 437 1 1 5324 Main4
261 676 2 3 5655 Main4
189 556 2 3 5616 Main4
54 236 2 3 5308 Main4
207 783 2 2 5939 Main4
274 295 2 3 5495 Main4
72 624 2 3 5499 Main4
182 346 2 3 5169 Main4
14 2246 1 1 7086 Main4
84 272 2 3 5310 Main4
186 57 2 3 5071 Main4
223 10000 3 1 15205 Main4
357 96 2 2 5081 Main4
191 381 2 3 5385 Main4
7 10000 3 1 14952 Main4
85 254 2 3 5399 Main4
225 408 2 3 5462 Main4
15 472 2 3 5394 Main4
140 629 2 2 5553 Main4
3 232 2 3 5438 Main4
153 555 2 3 5507 Main5
301 618 2 3 5607 Main5
184 322 2 3 5517 Main5
242 372 2 3 5413 Main5
178 10000 3 1 14891 Main5
6 238 2 3 5331 Main5
203 418 2 3 5590 Main5
74 385 2 3 5474 Main5
217 600 2 3 5536 Main5
76 716 1 1 5908 Main5
38 574 1 1 5758 Main5
259 529 2 2 5484 Main5
26 246 2 2 5082 Main5
312 110 2 3 4962 Main5
170 192 2 2 5298 Main5
142 308 2 3 5352 Main5
175 280 2 3 5418 Main5
56 505 2 2 5459 Main5
144 401 2 3 5519 Main5
296 286 2 2 5483 Main5
12 554 2 3 5732 Main5
137 309 1 1 5383 Main5
337 485 2 3 5491 Main5
107 531 2 2 5628 Main5
239 473 2 2 5603 Main5
215 660 1 1 5833 Main5
155 697 1 1 5653 Main5
97 228 2 3 5331 Main5
122 440 2 3 5391 Main5
295 289 2 3 5480 Main5
300 594 2 2 5709 Main5
313 336 2 3 5466 Main5
177 66 2 2 5244 Main5
282 487 2 3 5376 Main5
186 314 2 3 5339 Main5
240 524 2 2 5599 Main5
322 914 2 2 6044 Main5
290 240 2 2 5064 Main5
165 312 2 3 5165 Main5
71 729 1 1 5710 Main5
9 380 2 3 5386 Main5
4 276 2 3 5268 Main5
206 240 2 2 5260 Main5
315 655 2 3 5858 Main5
299 566 2 2 5390 Main5
22 286 2 3 5193 Main5
72 683 2 3 5730 Main5
14 1446 1 1 6329 Main5
191 724 1 1 5599 Main5
286 1342 1 1 6460 Main5
348 576 2 2 5497 Main5
95 346 1 1 5290 Main5
245 446 1 1 5355 Main5
357 696 2 2 5630 Main5
238 516 2 2 5569 Main5
128 354 1 1 5422 Main5
168 506 2 2 5601 Main5
45 615 2 3 5828 Main5
101 614 1 1 5446 Main5
237 837 2 2 5735 Main5
359 256 2 2 5418 Main6
17 111 1 1 5215 Main6
307 245 2 3 5404 Main6
276 226 2 3 5167 Main6
354 346 2 3 5158 Main6
94 593 2 3 5437 Main6
120 69 2 2 5102 Main6
44 890 2 3 5894 Main6
22 877 2 3 5992 Main6
204 247 2 3 5303 Main6
144 303 2 3 5215 Main6
2 115 2 3 4935 Main6
250 521 2 3 5610 Main6
186 100 2 3 5294 Main6
323 483 2 3 5426 Main6
184 314 2 3 5127 Main6
275 510 1 1 5722 Main6
238 1090 2 2 6017 Main6
264 571 2 3 5585 Main6
159 253 2 3 5197 Main6
237 586 2 2 5730 Main6
227 923 2 2 5951 Main6
301 576 2 3 5763 Main6
28 206 2 2 5276 Main6
263 104 2 3 5287 Main6
25 238 2 3 5072 Main6
103 201 2 3 5199 Main6
55 66 2 3 4969 Main6
283 108 2 3 5111 Main6
269 500 2 2 5612 Main6
304 652 2 3 5786 Main6
67 572 2 3 5399 Main6
13 1555 1 1 6423 Main6
145 2 2 3 5073 Main6
260 657 2 2 5806 Main6
43 356 2 3 5304 Main6
215 395 1 1 5569 Main6
107 311 2 2 5371 Main6
143 85 2 3 5090 Main6
281 570 2 3 5754 Main6
63 380 2 3 5593 Main6
293 715 2 3 5801 Main6
228 63 2 2 5232 Main6
40 290 2 3 5392 Main6
38 304 1 1 5397 Main6
279 1304 2 3 6461 Main6
179 339 2 2 5209 Main6
149 241 2 2 5120 Main6
205 135 2 3 5058 Main6
325 352 2 3 5507 Main6
161 570 2 3 5691 Main6
230 1629 2 2 6660 Main6
11 1411 1 1 6492 Main6
71 512 2 3 5562 Main6
219 256 2 3 5147 Main6
176 228 2 2 5169 Main6
62 347 2 3 5434 Main6
213 310 2 3 5486 Main6
124 1214 2 3 6139 Main6
356 1593 2 2 6433 Main6
