257 400 2 2 5468 Main1
292 151 1 1 4989 Main1
107 562 2 2 5634 Main1
141 512 2 2 5583 Main1
96 348 1 1 5219 Main1
10 393 1 1 5246 Main1
70 234 1 1 5314 Main1
280 502 2 2 5677 Main1
39 404 1 1 5421 Main1
126 303 2 2 5149 Main1
112 614 2 2 5811 Main1
93 361 1 1 5387 Main1
249 361 2 2 5450 Main1
299 669 2 3 5588 Main1
123 309 1 1 5234 Main1
186 424 1 1 5239 Main1
207 691 2 3 5582 Main1
127 749 1 1 5925 Main1
157 515 2 2 5579 Main1
309 520 1 1 5358 Main1
356 590 2 3 5554 Main1
353 743 2 2 5784 Main1
351 571 2 2 5559 Main1
209 471 2 3 5445 Main1
216 262 1 1 5230 Main1
46 393 2 2 5226 Main1
315 389 2 3 5509 Main1
345 479 1 1 5413 Main1
262 784 1 1 5724 Main1
196 204 2 2 5138 Main1
238 588 2 3 5751 Main1
295 816 2 3 5814 Main1
194 372 1 1 5424 Main1
316 317 2 2 5373 Main1
336 427 2 3 5489 Main1
357 569 2 2 5569 Main1
354 674 2 2 5666 Main1
222 630 1 1 5729 Main1
159 327 2 2 5498 Main1
349 381 1 1 5320 Main1
184 457 2 2 5570 Main1
206 454 2 3 5591 Main1
95 453 1 1 5643 Main1
32 763 2 3 5647 Main1
91 489 2 3 5602 Main1
76 323 2 2 5373 Main1
324 514 2 3 5335 Main1
53 386 2 2 5384 Main1
325 935 2 3 6134 Main1
149 877 2 3 5984 Main1
105 545 2 2 5502 Main1
160 917 2 3 5982 Main1
181 764 2 3 5775 Main1
228 779 2 2 5819 Main1
233 422 1 1 5334 Main1
234 5 1 1 5025 Main1
136 803 1 1 5639 Main1
120 738 2 2 5769 Main1
21 674 2 3 5828 Main1
291 514 2 3 5398 Main1
330 848 2 2 5727 Main2
103 588 2 3 5549 Main2
146 669 2 3 5758 Main2
60 579 2 2 5439 Main2
340 573 2 2 5594 Main2
79 878 2 3 5706 Main2
335 333 1 1 5150 Main2
336 271 2 3 5168 Main2
57 593 2 3 5714 Main2
111 590 2 2 5568 Main2
1 500 2 2 5636 Main2
51 386 2 3 5421 Main2
288 765 2 2 5923 Main2
35 640 1 1 5811 Main2
156 561 2 3 5688 Main2
273 270 2 3 5243 Main2
129 515 2 3 5360 Main2
343 524 2 2 5354 Main2
291 240 2 2 5354 Main2
161 797 2 3 5829 Main2
265 632 1 1 5597 Main2
24 576 1 1 5665 Main2
25 356 2 3 5372 Main2
86 1055 2 2 6032 Main2
162 926 2 3 6070 Main2
23 371 2 3 5208 Main2
118 643 2 2 5765 Main2
6 298 2 2 5222 Main2
358 400 1 1 5415 Main2
16 467 1 1 5323 Main2
241 493 2 2 5393 Main2
223 408 2 3 5387 Main2
254 5 1 1 5054 Main2
70 543 2 2 5428 Main2
231 203 2 3 5225 Main2
269 524 1 1 5590 Main2
92 495 2 2 5351 Main2
158 548 2 3 5652 Main2
347 372 2 2 5349 Main2
110 432 2 3 5449 Main2
37 311 1 1 5340 Main2
136 367 2 2 5574 Main2
259 283 1 1 5231 Main2
303 213 1 1 5058 Main2
224 1214 2 3 6410 Main2
44 528 2 2 5652 Main2
319 516 2 3 5427 Main2
73 469 1 1 5665 Main2
337 154 2 2 5047 Main2
173 652 1 1 5658 Main2
247 406 2 3 5514 Main2
342 204 2 2 5162 Main2
296 691 2 2 5849 Main2
286 231 1 1 5418 Main2
208 313 2 2 5440 Main2
116 384 2 2 5341 Main2
91 292 2 3 5132 Main2
232 438 1 1 5621 Main2
261 415 1 1 5435 Main2
150 256 2 2 5291 Main2
120 520 2 2 5421 Main3
10 448 2 3 5643 Main3
119 179 2 2 5063 Main3
103 506 1 1 5488 Main3
40 356 2 3 5501 Main3
195 375 2 2 5276 Main3
152 557 2 2 5714 Main3
144 220 1 1 5039 Main3
92 5661 2 2 10592 Main3
327 581 2 2 5706 Main3
226 79 2 2 4964 Main3
204 535 2 2 5542 Main3
45 422 2 3 5533 Main3
166 302 1 1 5503 Main3
180 311 2 3 5306 Main3
324 619 2 2 5732 Main3
132 83 2 3 5068 Main3
192 497 2 2 5705 Main3
149 999 1 1 5902 Main3
104 362 2 2 5574 Main3
49 401 2 3 5401 Main3
244 402 2 2 5612 Main3
278 815 1 1 5899 Main3
90 5139 2 3 10063 Main3
297 2236 2 2 7136 Main3
165 257 2 3 5322 Main3
236 726 1 1 5633 Main3
121 411 2 2 5257 Main3
193 710 2 2 5926 Main3
220 1101 1 1 6036 Main3
42 533 2 3 5709 Main3
72 467 1 1 5345 Main3
281 531 2 3 5399 Main3
214 372 2 2 5409 Main3
288 303 2 3 5443 Main3
350 372 2 2 5575 Main3
12 414 1 1 5507 Main3
264 557 2 3 5523 Main3
101 218 2 2 5089 Main3
58 1234 2 3 6342 Main3
238 297 1 1 5144 Main3
153 104 2 3 4949 Main3
295 78 2 2 5253 Main3
280 104 2 2 5026 Main3
143 594 2 3 5492 Main3
248 311 1 1 5272 Main3
177 288 1 1 5146 Main3
185 499 2 3 5403 Main3
316 332 2 2 5223 Main3
46 448 2 3 5546 Main3
94 378 2 3 5288 Main3
291 167 1 1 5042 Main3
3 916 1 1 5734 Main3
175 719 2 3 5727 Main3
221 464 2 3 5387 Main3
354 385 2 3 5230 Main3
51 772 1 1 5726 Main3
108 746 2 2 5935 Main3
115 2107 2 3 7146 Main3
48 626 2 2 5464 Main3
57 167 2 2 5318 Main4
219 124 2 3 5352 Main4
185 1623 2 2 6459 Main4
87 4104 2 3 9317 Main4
130 130 2 2 5084 Main4
233 2408 2 3 7499 Main4
318 3883 2 2 8783 Main4
243 845 1 1 5956 Main4
6 2957 1 1 8087 Main4
301 2530 1 1 7688 Main4
56 696 2 3 5773 Main4
344 45 1 1 5101 Main4
258 312 2 2 5333 Main4
105 351 2 3 5427 Main4
29 243 2 3 5123 Main4
222 72 1 1 5258 Main4
254 314 2 2 5518 Main4
109 851 2 3 5888 Main4
274 207 2 3 5328 Main4
167 539 1 1 5563 Main4
341 322 2 2 5474 Main4
224 3891 1 1 8955 Main4
89 341 2 3 5457 Main4
197 24 1 1 4971 Main4
231 3823 2 2 8994 Main4
46 231 2 3 5135 Main4
285 803 1 1 5701 Main4
99 403 1 1 5430 Main4
271 379 2 2 5430 Main4
247 1864 2 2 6921 Main4
18 4821 1 1 9740 Main4
208 2330 2 2 7474 Main4
97 2727 2 3 7936 Main4
178 512 1 1 5732 Main4
88 535 2 2 5457 Main4
129 143 2 3 5262 Main4
207 3010 2 2 8137 Main4
181 4018 2 2 8948 Main4
347 512 2 2 5478 Main4
84 654 2 3 5802 Main4
110 731 2 2 5846 Main4
321 795 1 1 5991 Main4
270 715 2 2 5852 Main4
41 207 2 3 5131 Main4
261 545 2 2 5571 Main4
315 744 1 1 5926 Main4
351 536 2 3 5655 Main4
62 637 2 2 5550 Main4
148 332 1 1 5285 Main4
20 512 2 3 5451 Main4
235 891 1 1 6115 Main4
292 1463 2 3 6463 Main4
45 1245 2 2 6194 Main4
187 1224 1 1 6284 Main4
309 1533 2 2 6628 Main4
76 1004 2 2 5927 Main4
220 512 2 2 5601 Main4
305 854 2 2 6054 Main4
137 570 1 1 5472 Main4
139 607 2 3 5686 Main4
198 3079 2 2 8056 Main5
199 607 1 1 5690 Main5
234 680 2 2 5875 Main5
35 512 2 2 5344 Main5
261 261 2 3 5192 Main5
139 404 2 2 5434 Main5
78 594 1 1 5430 Main5
307 913 2 2 5761 Main5
229 512 2 3 5570 Main5
251 706 1 1 5645 Main5
2 2095 2 2 7082 Main5
147 929 1 1 5944 Main5
326 710 2 2 5681 Main5
337 531 2 2 5519 Main5
354 1026 1 1 6214 Main5
123 960 1 1 5843 Main5
269 847 2 2 5946 Main5
80 1327 2 2 6319 Main5
77 883 2 3 5878 Main5
267 2010 1 1 7226 Main5
255 355 2 2 5271 Main5
322 705 1 1 5858 Main5
256 615 2 2 5614 Main5
145 361 2 3 5261 Main5
314 604 1 1 5504 Main5
72 512 2 2 5662 Main5
248 512 2 2 5558 Main5
4 543 1 1 5437 Main5
151 1029 2 3 6252 Main5
263 738 2 2 5618 Main5
360 396 2 2 5353 Main5
94 513 2 2 5534 Main5
350 353 2 2 5278 Main5
187 547 2 2 5575 Main5
178 875 2 3 6085 Main5
186 273 1 1 5244 Main5
341 622 2 3 5680 Main5
42 1014 1 1 6100 Main5
105 937 2 2 5801 Main5
85 627 1 1 5743 Main5
244 146 2 2 5123 Main5
284 540 2 2 5745 Main5
321 694 2 2 5561 Main5
174 78 2 2 5132 Main5
100 152 2 2 5380 Main5
253 774 2 2 5810 Main5
301 740 2 2 5891 Main5
70 31 2 2 5132 Main5
200 905 2 2 5862 Main5
298 1468 1 1 6417 Main5
67 2961 2 2 8182 Main5
129 3611 1 1 8496 Main5
81 3623 2 2 8732 Main5
142 1035 2 3 6092 Main5
308 2029 2 2 7107 Main5
329 2091 2 2 7000 Main5
358 1616 2 2 6484 Main5
102 548 1 1 5760 Main5
83 1429 2 3 6463 Main5
110 815 2 2 5973 Main5
158 654 2 2 5840 Main6
246 283 2 2 5185 Main6
36 1169 2 2 6044 Main6
85 275 2 2 5278 Main6
360 2696 2 2 7800 Main6
138 1755 2 2 6763 Main6
331 571 2 2 5446 Main6
31 1761 2 2 6946 Main6
148 2135 2 2 7078 Main6
39 1150 2 2 6373 Main6
250 1295 1 1 6268 Main6
164 862 2 2 6019 Main6
237 955 2 3 5847 Main6
197 2234 2 2 7411 Main6
69 2155 2 2 7152 Main6
30 168 2 2 5193 Main6
168 772 2 2 5864 Main6
346 533 1 1 5722 Main6
165 830 2 3 5747 Main6
227 849 2 2 5743 Main6
230 334 1 1 5526 Main6
203 511 2 3 5396 Main6
300 1360 2 2 6444 Main6
306 1516 1 1 6491 Main6
1 683 2 2 5896 Main6
160 1091 1 1 6318 Main6
16 1658 2 3 6640 Main6
218 641 2 2 5480 Main6
22 731 1 1 5870 Main6
268 1257 2 3 6265 Main6
130 512 2 2 5658 Main6
348 583 1 1 5672 Main6
254 512 2 2 5659 Main6
63 264 2 2 5305 Main6
253 512 2 3 5718 Main6
166 512 1 1 5597 Main6
133 401 2 2 5605 Main6
252 401 2 2 5231 Main6
321 851 2 2 5756 Main6
79 366 2 2 5279 Main6
47 822 2 3 5794 Main6
278 723 1 1 5937 Main6
192 689 2 2 5824 Main6
340 627 1 1 5487 Main6
235 661 2 3 5885 Main6
143 804 2 2 5695 Main6
169 768 1 1 5868 Main6
6 915 2 2 5942 Main6
311 789 2 3 5669 Main6
175 593 1 1 5626 Main6
128 690 2 3 5798 Main6
111 619 2 2 5511 Main6
162 596 1 1 5810 Main6
49 180 2 3 5069 Main6
163 1072 2 2 6034 Main6
24 580 2 3 5788 Main6
101 1067 2 2 6245 Main6
144 623 1 1 5834 Main6
80 534 2 3 5739 Main6
97 285 2 2 5131 Main6
