80 931 2 3 5891 Main1
79 818 2 3 5888 Main1
61 622 1 1 5789 Main1
179 10000 3 1 15086 Main1
58 500 2 3 5644 Main1
299 2571 2 3 7449 Main1
243 431 1 1 5335 Main1
11 85 2 2 5136 Main1
81 88 2 2 5078 Main1
252 274 2 2 5448 Main1
245 210 1 1 5183 Main1
354 6332 2 2 11459 Main1
193 1072 2 2 5969 Main1
225 545 1 1 5439 Main1
189 441 1 1 5289 Main1
22 6224 2 2 11163 Main1
304 410 1 1 5416 Main1
135 6595 2 2 11492 Main1
287 479 2 3 5433 Main1
312 1220 2 2 6368 Main1
180 472 2 3 5440 Main1
284 422 2 2 5566 Main1
59 1599 2 3 6519 Main1
322 847 2 2 5734 Main1
103 589 2 2 5704 Main1
203 330 2 2 5215 Main1
317 174 2 2 5408 Main1
128 501 1 1 5462 Main1
146 521 2 3 5552 Main1
69 684 2 3 5902 Main1
70 402 1 1 5407 Main1
267 206 2 3 5206 Main1
214 594 1 1 5752 Main1
123 339 1 1 5350 Main1
109 1430 2 3 6425 Main1
68 921 1 1 6111 Main1
47 1006 2 3 5962 Main1
253 262 2 2 5284 Main1
326 196 2 3 5059 Main1
44 391 2 2 5464 Main1
349 276 2 3 5385 Main1
148 759 2 3 5696 Main1
332 753 1 1 5840 Main1
302 581 1 1 5748 Main1
102 816 2 2 5708 Main1
210 249 2 3 5256 Main1
16 467 2 2 5601 Main1
143 473 2 2 5599 Main1
178 428 2 3 5561 Main1
43 495 2 2 5512 Main1
6 367 1 1 5385 Main1
126 277 1 1 5247 Main1
113 10000 3 1 15029 Main1
350 393 2 3 5306 Main1
233 173 2 2 5364 Main1
125 352 1 1 5563 Main1
167 719 1 1 5632 Main1
112 7258 2 2 12129 Main1
240 226 2 3 5130 Main1
110 239 2 3 5350 Main1
312 307 2 2 5306 Main2
128 399 2 2 5540 Main2
354 404 2 2 5292 Main2
37 293 2 2 5234 Main2
214 755 1 1 5652 Main2
336 310 1 1 5420 Main2
221 499 2 2 5691 Main2
281 416 2 2 5493 Main2
197 482 2 3 5565 Main2
36 494 1 1 5658 Main2
304 182 1 1 5381 Main2
176 197 2 3 5131 Main2
283 518 2 2 5693 Main2
60 385 2 3 5284 Main2
80 715 2 3 5829 Main2
339 672 2 2 5627 Main2
159 679 1 1 5789 Main2
172 237 2 2 5234 Main2
294 402 2 2 5478 Main2
163 454 2 2 5388 Main2
129 264 2 2 5186 Main2
149 661 2 3 5738 Main2
91 1005 1 1 5931 Main2
261 351 2 2 5444 Main2
305 327 1 1 5203 Main2
70 293 1 1 5380 Main2
271 621 1 1 5570 Main2
20 261 2 3 5243 Main2
23 288 2 2 5211 Main2
48 401 2 2 5378 Main2
276 222 1 1 5084 Main2
318 416 2 3 5283 Main2
223 334 2 2 5243 Main2
224 844 2 3 5730 Main2
239 460 2 3 5565 Main2
307 334 2 2 5242 Main2
311 491 1 1 5388 Main2
335 464 1 1 5653 Main2
241 653 1 1 5869 Main2
218 726 1 1 5683 Main2
298 436 2 3 5436 Main2
31 2247 2 2 7410 Main2
250 315 2 2 5243 Main2
133 939 2 2 6182 Main2
258 319 2 3 5548 Main2
320 281 2 2 5307 Main2
75 1176 1 1 6100 Main2
230 729 2 3 5818 Main2
73 680 2 3 5829 Main2
193 609 2 2 5595 Main2
18 517 2 3 5397 Main2
177 547 2 3 5626 Main2
275 471 2 2 5461 Main2
147 326 2 3 5572 Main2
99 744 1 1 5641 Main2
108 2688 2 3 7563 Main2
89 4800 2 2 10036 Main2
211 581 1 1 5764 Main2
301 324 2 2 5420 Main2
240 660 2 3 5910 Main2
117 397 2 3 5493 Main3
342 1029 2 2 6217 Main3
243 359 1 1 5284 Main3
137 256 2 3 5235 Main3
311 319 2 2 5452 Main3
118 180 2 3 5147 Main3
273 347 2 2 5316 Main3
355 759 1 1 5654 Main3
120 10000 3 1 15123 Main3
2 1062 1 1 5928 Main3
192 1267 2 3 6322 Main3
284 1610 2 3 6669 Main3
60 682 2 3 5827 Main3
172 331 2 2 5277 Main3
345 571 2 2 5499 Main3
279 279 2 2 5228 Main3
264 451 2 2 5586 Main3
170 588 2 2 5685 Main3
288 603 2 3 5634 Main3
159 2897 2 2 7844 Main3
267 442 2 3 5610 Main3
42 498 2 2 5436 Main3
3 666 1 1 5770 Main3
12 362 1 1 5404 Main3
312 246 2 2 5427 Main3
178 7275 2 2 12216 Main3
94 267 1 1 5332 Main3
254 208 2 2 5222 Main3
142 50 2 2 5169 Main3
61 907 1 1 6150 Main3
303 1125 2 2 6185 Main3
324 720 2 2 5679 Main3
124 704 1 1 5816 Main3
227 483 2 3 5660 Main3
315 586 2 2 5577 Main3
14 1042 2 2 6255 Main3
247 244 2 2 5336 Main3
43 626 1 1 5479 Main3
164 262 2 2 5336 Main3
353 21 2 2 5079 Main3
341 600 2 2 5465 Main3
263 517 2 3 5647 Main3
130 995 2 3 6129 Main3
131 59 2 3 5206 Main3
253 10000 3 1 15033 Main3
37 745 2 2 5645 Main3
19 1057 2 2 6255 Main3
46 788 2 3 5760 Main3
195 1049 2 2 5894 Main3
292 923 2 2 5921 Main3
152 467 2 2 5486 Main3
109 412 2 3 5385 Main3
238 372 2 3 5224 Main3
291 612 1 1 5658 Main3
261 762 2 2 5992 Main3
357 132 2 3 5306 Main3
250 714 2 2 5671 Main3
128 267 2 2 5201 Main3
269 552 2 3 5656 Main3
327 453 2 3 5488 Main3
309 1162 2 2 6327 Main4
173 684 2 2 5735 Main4
132 459 1 1 5673 Main4
135 10000 3 1 14898 Main4
360 834 2 2 5912 Main4
156 995 2 2 5843 Main4
315 642 2 2 5862 Main4
235 902 2 2 5908 Main4
262 326 2 2 5269 Main4
82 628 2 2 5842 Main4
248 1721 1 1 6646 Main4
225 2346 2 2 7265 Main4
249 465 2 3 5328 Main4
310 342 2 3 5361 Main4
279 543 2 3 5725 Main4
66 1721 2 2 6833 Main4
64 1372 2 2 6432 Main4
89 985 2 2 6048 Main4
292 451 1 1 5574 Main4
22 10000 3 1 15177 Main4
343 1095 2 2 6039 Main4
177 586 2 3 5500 Main4
202 576 2 2 5735 Main4
38 762 2 2 5959 Main4
68 846 1 1 6039 Main4
69 138 2 3 5088 Main4
215 447 2 2 5583 Main4
118 7140 2 2 12258 Main4
30 2241 2 2 7465 Main4
58 4144 2 3 9127 Main4
194 4881 2 2 9728 Main4
300 10000 3 1 14958 Main4
243 1128 2 3 6390 Main4
332 420 2 2 5388 Main4
88 602 2 2 5658 Main4
286 505 2 2 5699 Main4
146 1529 2 2 6684 Main4
294 589 1 1 5650 Main4
196 466 2 2 5384 Main4
154 4828 1 1 10025 Main4
181 1830 2 2 6689 Main4
74 1805 1 1 6951 Main4
1 371 2 2 5331 Main4
86 1525 2 3 6467 Main4
238 1034 2 3 5984 Main4
197 441 2 3 5383 Main4
8 1553 2 2 6544 Main4
10 981 2 2 5895 Main4
39 1233 2 2 6344 Main4
90 540 2 3 5678 Main4
101 1791 2 2 6705 Main4
223 522 2 2 5742 Main4
148 332 2 3 5474 Main4
49 375 2 3 5421 Main4
261 314 2 2 5448 Main4
166 708 2 3 5660 Main4
91 493 1 1 5425 Main4
140 535 2 3 5663 Main4
119 334 2 3 5441 Main4
20 797 2 2 5726 Main4
42 519 1 1 5513 Main5
257 250 2 3 5486 Main5
171 300 2 2 5163 Main5
309 466 2 2 5435 Main5
107 368 2 3 5265 Main5
239 540 2 2 5712 Main5
88 551 2 3 5529 Main5
155 786 2 2 5751 Main5
270 264 2 3 5386 Main5
285 500 2 2 5616 Main5
129 618 2 2 5632 Main5
118 307 2 3 5367 Main5
45 601 2 2 5817 Main5
348 609 2 3 5639 Main5
347 369 2 3 5352 Main5
100 320 2 2 5215 Main5
149 1035 2 3 6264 Main5
261 294 2 2 5437 Main5
331 726 2 2 5877 Main5
208 371 2 3 5342 Main5
286 489 2 3 5577 Main5
338 469 2 2 5310 Main5
212 172 2 3 5128 Main5
282 533 2 2 5383 Main5
274 2470 2 2 7448 Main5
323 155 2 2 5150 Main5
63 310 2 2 5185 Main5
30 731 2 3 5801 Main5
68 407 1 1 5258 Main5
199 1648 2 3 6647 Main5
135 901 2 2 6096 Main5
221 925 2 2 6006 Main5
29 653 2 2 5695 Main5
301 588 2 2 5750 Main5
150 1050 2 3 5896 Main5
341 398 1 1 5328 Main5
306 5059 2 3 10186 Main5
351 3070 2 2 7930 Main5
154 1262 2 2 6168 Main5
80 699 2 3 5647 Main5
284 750 2 2 5823 Main5
355 529 2 2 5465 Main5
121 1019 2 2 6239 Main5
19 451 2 2 5472 Main5
210 330 2 3 5398 Main5
186 2387 1 1 7450 Main5
139 751 2 3 5599 Main5
91 10000 3 1 15232 Main5
95 1666 2 3 6878 Main5
92 890 1 1 5971 Main5
339 211 2 3 5096 Main5
299 1491 1 1 6545 Main5
233 821 2 2 5704 Main5
295 647 2 2 5544 Main5
275 2541 2 2 7637 Main5
3 1176 2 2 6323 Main5
127 6740 2 2 11935 Main5
24 1256 2 2 6465 Main5
32 3685 2 2 8862 Main5
251 496 2 2 5434 Main5
5 797 1 1 5952 Main6
63 58 1 1 5199 Main6
43 661 1 1 5792 Main6
118 629 2 3 5776 Main6
152 235 1 1 5176 Main6
201 3370 1 1 8335 Main6
231 509 1 1 5744 Main6
257 2082 2 3 6983 Main6
24 356 2 3 5415 Main6
273 1447 2 2 6560 Main6
40 2099 2 2 6945 Main6
185 794 2 2 5807 Main6
213 698 2 2 5575 Main6
28 1865 2 2 6806 Main6
132 276 1 1 5153 Main6
308 155 2 2 5117 Main6
32 580 1 1 5770 Main6
92 658 1 1 5790 Main6
83 543 2 2 5775 Main6
215 359 2 2 5279 Main6
210 388 2 2 5368 Main6
57 251 2 2 5471 Main6
44 397 2 2 5456 Main6
294 391 2 2 5408 Main6
21 562 2 2 5617 Main6
115 266 2 2 5504 Main6
1 770 2 2 5832 Main6
312 1335 1 1 6296 Main6
146 478 2 3 5721 Main6
246 481 1 1 5655 Main6
300 480 2 3 5431 Main6
319 848 2 3 5949 Main6
259 629 1 1 5474 Main6
23 574 2 2 5504 Main6
22 722 2 2 5745 Main6
2 490 1 1 5726 Main6
30 204 2 3 5064 Main6
305 7410 2 2 12600 Main6
358 3513 2 2 8696 Main6
290 693 2 3 5806 Main6
6 3822 2 2 8705 Main6
133 1291 1 1 6479 Main6
214 889 2 2 5906 Main6
346 441 1 1 5437 Main6
316 38 2 3 4977 Main6
262 611 1 1 5575 Main6
233 371 1 1 5608 Main6
345 503 2 2 5392 Main6
238 367 2 2 5568 Main6
258 1682 2 2 6661 Main6
122 2559 2 2 7525 Main6
192 371 2 2 5272 Main6
224 697 1 1 5738 Main6
94 526 2 2 5511 Main6
196 126 2 2 4991 Main6
330 190 2 2 5118 Main6
41 497 2 2 5504 Main6
85 301 2 2 5516 Main6
200 472 2 3 5453 Main6
135 455 2 2 5320 Main6
