200 2320 2 3 7535 Main1
283 473 2 2 5650 Main1
247 967 1 1 6111 Main1
238 856 1 1 5786 Main1
152 218 1 1 5220 Main1
126 543 2 3 5497 Main1
96 262 1 1 5408 Main1
116 567 2 3 5442 Main1
243 566 1 1 5544 Main1
354 570 2 2 5767 Main1
303 478 1 1 5544 Main1
274 769 2 3 5712 Main1
124 485 1 1 5583 Main1
47 556 2 3 5550 Main1
360 591 2 3 5537 Main1
349 23 2 3 4962 Main1
148 478 2 2 5617 Main1
52 679 2 2 5639 Main1
188 557 1 1 5764 Main1
46 795 2 3 5666 Main1
220 589 1 1 5475 Main1
86 305 2 3 5455 Main1
114 464 2 2 5637 Main1
26 500 2 3 5691 Main1
294 343 2 2 5221 Main1
304 709 1 1 5728 Main1
339 500 1 1 5471 Main1
327 269 2 3 5404 Main1
38 635 1 1 5623 Main1
228 229 2 3 5433 Main1
70 724 2 3 5658 Main1
53 539 2 2 5485 Main1
36 464 1 1 5524 Main1
258 824 2 3 5689 Main1
248 2334 2 3 7281 Main1
275 2833 1 1 7976 Main1
31 1410 1 1 6500 Main1
94 595 2 2 5751 Main1
287 605 2 3 5685 Main1
66 646 1 1 5636 Main1
297 603 2 3 5792 Main1
280 864 1 1 5982 Main1
195 484 2 2 5329 Main1
234 792 2 2 5673 Main1
76 406 2 3 5590 Main1
292 1238 2 2 6411 Main1
39 613 1 1 5771 Main1
251 894 2 2 5919 Main1
132 748 2 2 5968 Main1
91 873 1 1 5853 Main1
279 498 1 1 5347 Main1
192 581 2 2 5481 Main1
212 563 1 1 5403 Main1
21 867 2 2 5790 Main1
216 605 2 2 5472 Main1
167 567 2 3 5471 Main1
173 668 2 2 5688 Main1
88 665 2 3 5573 Main1
171 390 2 2 5306 Main1
18 530 2 3 5681 Main1
69 810 1 1 5893 Main2
62 677 1 1 5786 Main2
123 1381 2 3 6408 Main2
133 1306 2 2 6188 Main2
8 1255 1 1 6351 Main2
6 715 1 1 5899 Main2
205 995 2 2 6211 Main2
104 1578 2 2 6750 Main2
85 1135 2 2 5975 Main2
337 701 1 1 5912 Main2
25 1162 2 2 6349 Main2
72 664 2 2 5686 Main2
262 692 2 2 5623 Main2
36 1161 1 1 6129 Main2
178 769 2 3 5723 Main2
23 687 2 2 5540 Main2
176 757 2 3 5754 Main2
192 514 2 2 5619 Main2
284 309 2 2 5514 Main2
305 704 1 1 5665 Main2
209 626 2 3 5615 Main2
180 618 2 3 5726 Main2
190 788 2 2 5934 Main2
243 1162 1 1 6229 Main2
297 545 2 3 5617 Main2
160 632 2 3 5646 Main2
272 1679 2 3 6706 Main2
60 1850 2 2 7004 Main2
274 1401 2 3 6601 Main2
287 560 2 3 5429 Main2
252 1296 2 2 6269 Main2
282 1070 2 2 6200 Main2
238 688 2 3 5718 Main2
136 782 2 3 5737 Main2
280 1319 1 1 6190 Main2
101 968 2 2 5985 Main2
140 582 2 3 5751 Main2
354 606 2 2 5538 Main2
165 745 2 2 5775 Main2
171 648 2 2 5841 Main2
147 835 2 3 6016 Main2
281 639 2 2 5823 Main2
68 847 1 1 5926 Main2
183 784 1 1 5723 Main2
225 754 2 2 5869 Main2
14 492 2 2 5405 Main2
10 609 1 1 5638 Main2
174 511 2 2 5688 Main2
24 600 2 2 5447 Main2
336 592 2 2 5628 Main2
254 701 2 2 5587 Main2
185 712 1 1 5810 Main2
167 567 2 3 5444 Main2
217 484 1 1 5604 Main2
162 1385 2 2 6296 Main2
338 1026 1 1 5984 Main2
92 736 1 1 5718 Main2
175 805 2 2 5755 Main2
118 532 2 3 5593 Main2
308 668 1 1 5853 Main2
94 786 1 1 5642 Main3
222 837 2 2 5979 Main3
240 677 2 3 5623 Main3
23 634 2 2 5735 Main3
37 813 1 1 5924 Main3
172 751 2 2 5688 Main3
160 919 1 1 5937 Main3
204 525 2 2 5584 Main3
163 492 2 2 5482 Main3
341 412 2 2 5479 Main3
258 692 2 3 5626 Main3
198 484 2 3 5301 Main3
100 2117 2 3 7086 Main3
259 544 2 3 5534 Main3
154 1847 2 3 6825 Main3
228 584 2 3 5791 Main3
288 610 2 3 5621 Main3
192 1069 2 2 6197 Main3
174 1354 2 2 6239 Main3
53 961 2 3 5928 Main3
110 687 2 3 5570 Main3
72 843 2 2 5807 Main3
199 1488 2 3 6391 Main3
25 1029 2 2 6078 Main3
176 590 2 3 5454 Main3
179 726 2 3 5777 Main3
149 1553 2 2 6387 Main3
8 657 1 1 5804 Main3
317 643 2 3 5747 Main3
300 592 2 3 5736 Main3
30 642 2 3 5808 Main3
354 733 2 2 5662 Main3
10 1562 2 3 6518 Main3
217 1212 1 1 6075 Main3
46 350 2 3 5178 Main3
69 497 1 1 5545 Main3
116 779 1 1 5621 Main3
47 636 2 3 5565 Main3
76 758 2 3 5874 Main3
117 1738 2 3 6601 Main3
328 1188 2 3 6162 Main3
203 574 2 2 5510 Main3
266 818 2 3 5816 Main3
14 645 2 2 5585 Main3
293 775 2 2 5767 Main3
247 387 1 1 5520 Main3
190 692 1 1 5746 Main3
89 585 2 3 5702 Main3
82 766 2 2 5602 Main3
106 581 2 3 5433 Main3
61 884 1 1 5953 Main3
158 792 1 1 5708 Main3
223 601 2 2 5738 Main3
111 417 2 2 5293 Main3
230 637 2 3 5553 Main3
244 584 1 1 5632 Main3
229 709 2 3 5785 Main3
295 447 2 2 5393 Main3
355 406 2 2 5515 Main3
122 1109 1 1 6225 Main3
240 692 2 3 5844 Main4
175 765 2 2 5829 Main4
23 731 2 2 5630 Main4
305 663 1 1 5660 Main4
28 690 2 3 5543 Main4
63 478 2 2 5679 Main4
302 345 1 1 5359 Main4
262 379 2 2 5571 Main4
59 395 2 3 5219 Main4
309 356 1 1 5441 Main4
274 579 1 1 5683 Main4
174 492 2 2 5470 Main4
213 553 1 1 5680 Main4
330 465 2 3 5416 Main4
284 515 2 2 5581 Main4
135 297 2 2 5158 Main4
251 597 2 2 5451 Main4
215 810 1 1 5924 Main4
142 496 2 2 5672 Main4
317 606 2 3 5439 Main4
74 487 2 2 5378 Main4
102 653 2 2 5846 Main4
165 419 2 2 5233 Main4
147 580 2 3 5517 Main4
106 773 2 3 5880 Main4
136 517 2 3 5365 Main4
189 934 1 1 5966 Main4
4 1545 1 1 6396 Main4
152 1285 1 1 6257 Main4
269 365 2 3 5516 Main4
33 563 1 1 5694 Main4
272 511 1 1 5552 Main4
315 581 2 2 5673 Main4
202 488 2 2 5337 Main4
186 607 1 1 5578 Main4
150 1416 2 3 6413 Main4
22 699 2 2 5583 Main4
314 592 2 2 5772 Main4
111 993 2 2 6052 Main4
216 56 2 2 4917 Main4
304 588 1 1 5720 Main4
282 702 2 2 5860 Main4
126 616 1 1 5631 Main4
248 672 1 1 5567 Main4
237 929 2 3 6104 Main4
49 516 2 3 5342 Main4
222 522 2 2 5414 Main4
350 173 2 3 5203 Main4
301 1512 1 1 6425 Main4
115 1208 2 2 6286 Main4
3 891 1 1 6054 Main4
40 590 1 1 5690 Main4
197 570 2 2 5702 Main4
182 405 2 2 5258 Main4
31 765 1 1 5902 Main4
278 600 1 1 5453 Main4
256 533 2 3 5464 Main4
291 777 2 2 5951 Main4
233 711 2 3 5665 Main4
157 1686 2 2 6503 Main4
314 831 2 2 5871 Main5
171 741 2 2 5642 Main5
326 703 2 3 5688 Main5
25 600 2 2 5525 Main5
4 1828 2 3 7040 Main5
108 621 2 3 5604 Main5
30 699 2 3 5689 Main5
35 752 1 1 5585 Main5
191 1362 2 3 6377 Main5
91 986 1 1 5926 Main5
330 1072 2 3 6232 Main5
151 966 2 3 6022 Main5
334 1636 1 1 6725 Main5
207 1842 2 3 6830 Main5
118 2690 2 2 7714 Main5
341 1362 2 2 6394 Main5
240 1054 2 3 6079 Main5
131 2010 1 1 7161 Main5
76 1158 2 3 6291 Main5
50 883 2 3 5722 Main5
54 587 2 2 5769 Main5
282 1242 2 2 6392 Main5
49 2036 2 3 7218 Main5
168 1551 2 3 6730 Main5
126 1903 2 3 6756 Main5
245 740 2 2 5566 Main5
7 2217 2 2 7121 Main5
229 668 2 3 5866 Main5
86 767 2 3 5888 Main5
68 842 1 1 5961 Main5
93 828 1 1 5828 Main5
233 1374 1 1 6493 Main5
41 1359 2 2 6462 Main5
82 976 2 2 5998 Main5
187 2772 2 2 7620 Main5
299 704 2 3 5558 Main5
179 592 2 3 5724 Main5
190 1174 2 2 6169 Main5
58 772 2 3 5844 Main5
56 1658 2 3 6554 Main5
224 2155 1 1 7273 Main5
241 1973 2 2 7086 Main5
193 590 2 2 5525 Main5
19 820 2 3 5804 Main5
269 546 2 3 5617 Main5
59 589 2 3 5460 Main5
154 747 1 1 5810 Main5
357 644 2 3 5694 Main5
198 975 2 3 6100 Main5
318 505 2 3 5689 Main5
263 908 2 2 5996 Main5
221 1291 1 1 6128 Main5
339 1926 1 1 6763 Main5
304 457 1 1 5317 Main5
345 655 2 2 5849 Main5
87 794 2 3 5871 Main5
260 929 2 3 5954 Main5
101 1521 2 2 6640 Main5
1 2055 1 1 6919 Main5
238 1381 2 2 6574 Main5
314 601 2 2 5513 Main6
146 323 2 3 5443 Main6
318 797 2 3 5908 Main6
232 559 2 2 5378 Main6
358 491 2 3 5565 Main6
154 515 1 1 5355 Main6
15 767 2 2 5885 Main6
158 476 1 1 5402 Main6
171 410 2 2 5225 Main6
61 545 1 1 5646 Main6
309 638 1 1 5671 Main6
335 581 1 1 5591 Main6
349 436 2 3 5301 Main6
245 910 2 3 5952 Main6
156 1305 1 1 6358 Main6
164 490 2 2 5340 Main6
32 452 1 1 5380 Main6
172 859 2 2 5903 Main6
69 608 1 1 5434 Main6
131 1049 2 2 5890 Main6
50 691 2 3 5798 Main6
143 233 2 2 5219 Main6
248 679 1 1 5811 Main6
122 321 1 1 5161 Main6
294 472 2 2 5392 Main6
34 469 1 1 5681 Main6
240 710 2 3 5852 Main6
142 585 2 2 5409 Main6
316 774 2 3 5600 Main6
8 522 2 2 5582 Main6
291 1299 2 2 6287 Main6
268 442 2 3 5568 Main6
82 978 2 2 6013 Main6
37 1687 1 1 6715 Main6
280 1616 1 1 6665 Main6
169 1714 2 3 6765 Main6
339 600 2 2 5576 Main6
311 561 2 2 5382 Main6
346 556 2 3 5576 Main6
93 488 1 1 5573 Main6
250 370 1 1 5387 Main6
289 476 2 3 5596 Main6
320 455 2 3 5401 Main6
76 274 2 3 5097 Main6
227 248 2 3 5083 Main6
264 450 2 2 5535 Main6
322 408 2 2 5454 Main6
347 418 2 3 5452 Main6
324 649 2 2 5736 Main6
10 482 1 1 5312 Main6
163 478 2 2 5499 Main6
242 380 1 1 5305 Main6
246 566 1 1 5462 Main6
165 431 2 2 5412 Main6
68 330 1 1 5297 Main6
85 625 2 2 5618 Main6
247 747 1 1 5926 Main6
236 133 2 3 5009 Main6
53 441 2 2 5562 Main6
46 518 2 3 5649 Main6
