280 1488 1 1 6716 Main1
210 888 2 3 6090 Main1
269 912 2 3 5997 Main1
294 457 2 2 5407 Main1
104 651 2 2 5601 Main1
138 561 1 1 5789 Main1
314 405 2 2 5284 Main1
237 697 2 3 5789 Main1
230 29 2 2 4998 Main1
321 643 2 2 5604 Main1
283 268 2 2 5415 Main1
147 244 2 2 5217 Main1
133 401 2 3 5390 Main1
265 331 1 1 5275 Main1
60 217 2 3 5231 Main1
159 6627 2 3 11856 Main1
79 667 2 3 5730 Main1
39 208 1 1 5423 Main1
44 105 2 2 5125 Main1
244 321 1 1 5579 Main1
158 193 2 3 5379 Main1
320 98 2 2 5224 Main1
123 63 2 3 4945 Main1
188 278 2 2 5281 Main1
118 475 2 3 5607 Main1
84 281 2 3 5346 Main1
357 10000 3 1 15135 Main1
273 400 2 3 5513 Main1
20 3832 2 2 8873 Main1
136 61 2 2 5171 Main1
21 549 1 1 5488 Main1
278 175 2 2 5067 Main1
95 1136 1 1 6187 Main1
27 261 2 3 5478 Main1
165 443 2 3 5337 Main1
75 181 1 1 5045 Main1
263 255 2 2 5272 Main1
96 260 2 3 5443 Main1
47 33 2 2 4973 Main1
14 295 2 2 5454 Main1
286 99 2 2 4947 Main1
19 2718 2 3 7863 Main1
144 836 2 3 5702 Main1
37 495 2 2 5474 Main1
85 3987 1 1 9086 Main1
4 157 2 3 5416 Main1
8 36 2 3 5176 Main1
281 616 1 1 5718 Main1
232 292 2 2 5464 Main1
94 174 2 3 5140 Main1
254 8329 2 2 13509 Main1
117 153 2 3 5094 Main1
259 4715 1 1 9695 Main1
103 327 2 2 5328 Main1
13 2580 2 2 7814 Main1
176 521 1 1 5441 Main1
182 321 1 1 5347 Main1
285 400 2 3 5381 Main1
63 280 1 1 5447 Main1
102 466 2 3 5676 Main1
74 833 2 2 5700 Main2
144 470 2 2 5492 Main2
126 706 2 3 5663 Main2
291 544 2 2 5453 Main2
266 458 1 1 5679 Main2
328 650 2 3 5660 Main2
10 487 1 1 5540 Main2
182 607 2 3 5657 Main2
109 417 2 2 5507 Main2
170 171 2 2 5188 Main2
24 475 2 2 5494 Main2
9 387 1 1 5587 Main2
248 315 2 3 5224 Main2
294 711 2 2 5892 Main2
48 375 1 1 5555 Main2
254 353 2 2 5600 Main2
350 492 2 2 5583 Main2
202 398 1 1 5550 Main2
180 407 2 2 5503 Main2
18 443 2 2 5609 Main2
351 371 1 1 5338 Main2
284 525 2 2 5621 Main2
253 213 2 3 5359 Main2
69 430 1 1 5405 Main2
68 455 2 3 5382 Main2
219 484 1 1 5584 Main2
261 767 1 1 5871 Main2
231 351 1 1 5278 Main2
360 720 2 2 5821 Main2
97 345 2 2 5485 Main2
64 452 1 1 5571 Main2
149 347 1 1 5347 Main2
184 360 1 1 5447 Main2
208 2712 2 3 7881 Main2
31 688 1 1 5721 Main2
217 378 2 3 5564 Main2
155 297 1 1 5157 Main2
308 337 2 2 5238 Main2
13 336 2 2 5389 Main2
45 72 2 3 5312 Main2
296 344 2 2 5264 Main2
270 382 2 2 5423 Main2
283 309 2 2 5369 Main2
335 515 1 1 5573 Main2
117 436 2 3 5631 Main2
352 431 1 1 5485 Main2
39 409 1 1 5283 Main2
25 373 1 1 5605 Main2
273 570 2 3 5566 Main2
316 375 2 2 5368 Main2
198 428 1 1 5627 Main2
271 404 2 2 5545 Main2
107 96 2 2 5107 Main2
224 388 2 2 5253 Main2
54 356 2 2 5605 Main2
23 428 2 2 5475 Main2
103 386 2 2 5580 Main2
81 2623 1 1 7727 Main2
124 437 1 1 5396 Main2
310 483 2 2 5673 Main2
351 369 2 3 5626 Main3
139 56 2 2 4938 Main3
175 2718 1 1 7938 Main3
226 608 2 2 5669 Main3
214 216 1 1 5238 Main3
168 392 1 1 5444 Main3
338 509 2 3 5622 Main3
357 262 2 3 5455 Main3
261 462 1 1 5698 Main3
257 352 2 2 5283 Main3
227 483 2 2 5703 Main3
79 437 2 2 5377 Main3
118 340 2 3 5501 Main3
95 386 1 1 5406 Main3
77 333 2 2 5345 Main3
116 458 1 1 5439 Main3
166 464 2 2 5615 Main3
303 540 1 1 5531 Main3
9 402 1 1 5499 Main3
347 530 2 2 5517 Main3
337 509 2 3 5476 Main3
94 254 2 3 5252 Main3
248 384 2 3 5585 Main3
46 457 2 2 5497 Main3
34 379 1 1 5526 Main3
53 334 2 2 5415 Main3
96 443 2 3 5442 Main3
346 442 2 2 5512 Main3
305 276 1 1 5237 Main3
189 316 1 1 5476 Main3
191 689 2 3 5911 Main3
192 378 1 1 5383 Main3
6 428 2 3 5370 Main3
339 519 1 1 5551 Main3
19 397 2 2 5544 Main3
107 592 2 2 5776 Main3
12 529 1 1 5728 Main3
58 2961 2 3 7972 Main3
24 772 2 2 5825 Main3
80 349 1 1 5516 Main3
348 323 1 1 5355 Main3
341 597 2 3 5848 Main3
349 424 1 1 5419 Main3
69 560 1 1 5549 Main3
270 514 2 2 5757 Main3
82 459 1 1 5387 Main3
128 388 2 3 5361 Main3
112 368 2 2 5557 Main3
163 409 2 2 5466 Main3
278 361 2 3 5509 Main3
316 427 2 2 5657 Main3
230 321 1 1 5541 Main3
256 261 2 2 5251 Main3
18 321 2 2 5349 Main3
308 725 2 2 5858 Main3
140 745 1 1 5795 Main3
245 360 1 1 5579 Main3
353 381 2 2 5533 Main3
310 372 2 2 5482 Main3
356 343 1 1 5221 Main3
156 327 2 2 5298 Main4
242 381 2 3 5461 Main4
296 246 1 1 5375 Main4
199 356 2 2 5224 Main4
86 332 1 1 5439 Main4
192 320 1 1 5560 Main4
126 327 2 3 5249 Main4
122 507 2 3 5377 Main4
37 167 2 3 5017 Main4
167 311 2 2 5211 Main4
25 343 1 1 5559 Main4
303 508 1 1 5375 Main4
29 389 2 2 5621 Main4
292 394 1 1 5345 Main4
69 318 1 1 5268 Main4
173 503 2 2 5473 Main4
214 384 2 3 5528 Main4
293 470 2 2 5637 Main4
245 262 1 1 5508 Main4
284 404 2 2 5492 Main4
112 632 2 2 5653 Main4
109 331 2 2 5231 Main4
305 398 1 1 5606 Main4
345 533 2 3 5683 Main4
149 581 2 2 5587 Main4
96 653 2 2 5751 Main4
180 777 2 2 5727 Main4
116 516 1 1 5558 Main4
204 407 2 2 5456 Main4
349 505 2 2 5755 Main4
202 560 1 1 5689 Main4
309 848 1 1 5858 Main4
344 559 2 2 5784 Main4
294 384 2 2 5583 Main4
144 316 2 2 5276 Main4
186 394 2 2 5445 Main4
331 643 2 2 5563 Main4
94 116 2 3 5105 Main4
78 453 1 1 5462 Main4
65 245 1 1 5218 Main4
177 84 2 3 5195 Main4
118 207 2 3 5105 Main4
297 99 2 3 4985 Main4
71 540 2 3 5780 Main4
128 253 2 3 5145 Main4
182 262 2 3 5287 Main4
235 480 1 1 5599 Main4
223 355 2 2 5321 Main4
47 356 1 1 5474 Main4
335 11 1 1 4982 Main4
132 353 1 1 5563 Main4
215 416 1 1 5657 Main4
318 432 1 1 5576 Main4
350 443 1 1 5673 Main4
159 431 1 1 5499 Main4
237 388 2 3 5312 Main4
27 237 2 3 5457 Main4
163 382 2 2 5573 Main4
277 431 2 3 5521 Main4
201 538 1 1 5697 Main4
12 551 1 1 5803 Main5
129 380 1 1 5410 Main5
284 64 2 2 5284 Main5
237 111 2 3 5322 Main5
81 328 1 1 5303 Main5
192 337 1 1 5474 Main5
178 4124 2 3 9085 Main5
271 561 2 2 5709 Main5
71 343 2 3 5554 Main5
225 217 2 3 5256 Main5
18 459 1 1 5560 Main5
254 434 2 2 5656 Main5
252 87 1 1 4948 Main5
121 365 2 3 5226 Main5
266 412 1 1 5656 Main5
206 584 1 1 5710 Main5
251 248 2 3 5233 Main5
120 625 2 2 5555 Main5
306 514 2 2 5414 Main5
347 423 1 1 5507 Main5
74 315 2 2 5294 Main5
238 2587 2 3 7667 Main5
179 373 2 2 5431 Main5
231 439 1 1 5619 Main5
227 345 1 1 5543 Main5
332 527 2 3 5517 Main5
62 351 2 3 5470 Main5
317 201 1 1 5110 Main5
50 392 1 1 5301 Main5
214 117 2 3 5197 Main5
203 368 2 2 5501 Main5
175 295 1 1 5432 Main5
330 375 1 1 5254 Main5
212 554 2 3 5525 Main5
137 357 2 2 5489 Main5
44 348 2 2 5517 Main5
92 510 2 3 5402 Main5
305 432 1 1 5648 Main5
253 384 2 2 5359 Main5
350 464 1 1 5484 Main5
160 550 2 2 5619 Main5
296 261 2 2 5211 Main5
21 398 1 1 5308 Main5
138 357 1 1 5316 Main5
2 361 2 3 5560 Main5
89 290 2 2 5351 Main5
205 279 1 1 5443 Main5
199 271 2 2 5475 Main5
16 583 2 2 5814 Main5
300 337 2 2 5271 Main5
150 381 2 2 5277 Main5
100 430 2 2 5468 Main5
354 411 2 2 5533 Main5
339 313 1 1 5557 Main5
340 698 2 3 5787 Main5
136 327 2 2 5344 Main5
351 307 1 1 5339 Main5
355 272 1 1 5218 Main5
261 412 1 1 5392 Main5
176 236 1 1 5283 Main5
127 309 2 3 5514 Main6
24 141 2 2 5103 Main6
183 290 2 3 5419 Main6
184 324 2 3 5320 Main6
355 571 1 1 5724 Main6
5 306 1 1 5379 Main6
190 394 2 2 5569 Main6
168 678 1 1 5705 Main6
229 287 1 1 5311 Main6
214 414 2 3 5554 Main6
90 573 2 2 5584 Main6
110 373 1 1 5267 Main6
147 467 2 3 5368 Main6
6 401 2 3 5586 Main6
279 335 1 1 5503 Main6
314 437 2 2 5538 Main6
60 333 2 2 5452 Main6
317 398 1 1 5457 Main6
125 306 1 1 5392 Main6
144 346 2 2 5489 Main6
285 381 2 3 5641 Main6
203 678 2 2 5635 Main6
8 121 2 3 5295 Main6
124 286 1 1 5271 Main6
227 525 1 1 5721 Main6
306 503 2 2 5383 Main6
72 227 1 1 5318 Main6
315 312 2 3 5314 Main6
62 439 2 3 5530 Main6
143 281 2 2 5259 Main6
134 303 2 2 5413 Main6
337 522 2 3 5699 Main6
345 298 2 3 5312 Main6
309 527 1 1 5511 Main6
347 507 1 1 5560 Main6
218 433 2 3 5395 Main6
295 419 1 1 5563 Main6
108 301 1 1 5371 Main6
205 331 1 1 5477 Main6
334 288 2 3 5208 Main6
333 315 2 3 5271 Main6
283 317 2 2 5301 Main6
199 246 1 1 5498 Main6
92 383 2 3 5417 Main6
216 383 2 2 5294 Main6
222 341 1 1 5500 Main6
7 256 2 3 5107 Main6
49 357 2 2 5330 Main6
252 521 1 1 5479 Main6
163 278 2 2 5498 Main6
174 363 1 1 5225 Main6
358 2654 2 3 7845 Main6
266 573 1 1 5554 Main6
161 356 1 1 5258 Main6
135 318 2 3 5216 Main6
4 308 1 1 5292 Main6
118 371 2 3 5283 Main6
186 345 2 2 5258 Main6
158 259 2 3 5220 Main6
242 318 2 3 5541 Main6
