20 1105 2 3 6118 Main1
235 748 2 2 5976 Main1
27 1033 2 3 6156 Main1
260 555 2 3 5683 Main1
270 975 2 3 6015 Main1
273 400 1 1 5443 Main1
160 440 1 1 5679 Main1
268 490 2 3 5504 Main1
14 457 2 2 5329 Main1
79 1016 1 1 5865 Main1
329 481 2 2 5547 Main1
16 276 2 2 5424 Main1
244 487 2 3 5638 Main1
26 1114 1 1 6090 Main1
195 421 2 2 5615 Main1
253 546 2 3 5406 Main1
314 269 2 2 5193 Main1
267 341 1 1 5278 Main1
105 327 2 2 5348 Main1
219 1807 1 1 6798 Main1
134 801 2 3 5904 Main1
114 229 2 2 5314 Main1
221 4331 2 2 9203 Main1
37 544 1 1 5414 Main1
92 495 1 1 5515 Main1
228 111 2 2 5255 Main1
97 2717 2 3 7634 Main1
357 734 2 3 5820 Main1
159 1553 2 3 6496 Main1
154 365 1 1 5313 Main1
198 445 1 1 5665 Main1
48 549 1 1 5490 Main1
23 386 2 2 5606 Main1
179 420 2 2 5570 Main1
224 1865 2 2 6735 Main1
124 348 1 1 5606 Main1
301 724 1 1 5646 Main1
69 333 1 1 5446 Main1
29 407 1 1 5292 Main1
38 482 1 1 5514 Main1
291 1029 1 1 5936 Main1
103 788 1 1 6033 Main1
178 64 2 3 5210 Main1
210 361 2 3 5319 Main1
312 402 2 2 5624 Main1
115 397 2 2 5349 Main1
193 432 1 1 5304 Main1
78 361 2 2 5334 Main1
62 392 1 1 5413 Main1
172 602 2 2 5513 Main1
356 5173 2 3 10253 Main1
295 503 1 1 5571 Main1
171 464 2 2 5330 Main1
7 647 2 3 5783 Main1
231 398 2 2 5519 Main1
24 609 1 1 5577 Main1
344 633 1 1 5613 Main1
218 229 1 1 5474 Main1
35 402 1 1 5353 Main1
214 346 1 1 5511 Main1
307 902 1 1 6030 Main2
304 325 1 1 5586 Main2
339 334 1 1 5418 Main2
154 310 1 1 5286 Main2
37 251 1 1 5391 Main2
286 377 2 3 5560 Main2
273 351 1 1 5522 Main2
357 720 2 3 5638 Main2
334 298 1 1 5323 Main2
151 351 1 1 5344 Main2
285 384 2 2 5383 Main2
147 731 2 3 5941 Main2
115 2754 2 2 7894 Main2
279 359 1 1 5534 Main2
31 1469 1 1 6382 Main2
305 519 1 1 5457 Main2
256 358 2 3 5479 Main2
322 556 1 1 5580 Main2
193 405 2 2 5443 Main2
125 431 1 1 5413 Main2
331 550 1 1 5717 Main2
215 559 1 1 5534 Main2
133 519 2 2 5479 Main2
238 409 2 3 5644 Main2
237 609 2 3 5689 Main2
100 697 2 3 5622 Main2
352 278 2 3 5429 Main2
146 419 2 3 5422 Main2
73 847 2 2 6065 Main2
172 367 2 2 5373 Main2
160 407 2 3 5359 Main2
258 381 1 1 5318 Main2
317 373 2 3 5267 Main2
126 375 1 1 5246 Main2
53 784 2 2 5795 Main2
78 776 1 1 5963 Main2
226 565 2 3 5721 Main2
117 240 2 3 5154 Main2
264 725 2 2 5707 Main2
183 326 1 1 5364 Main2
13 555 2 2 5733 Main2
87 377 2 3 5327 Main2
2 350 1 1 5223 Main2
219 389 1 1 5455 Main2
142 1432 2 2 6454 Main2
289 360 2 3 5489 Main2
152 474 1 1 5606 Main2
90 481 2 3 5564 Main2
225 420 2 2 5263 Main2
337 725 1 1 5843 Main2
161 499 2 2 5570 Main2
12 688 2 3 5713 Main2
293 440 2 2 5351 Main2
348 395 1 1 5443 Main2
262 381 2 2 5284 Main2
283 384 2 2 5357 Main2
169 486 2 3 5349 Main2
89 374 1 1 5350 Main2
86 400 2 3 5413 Main2
208 282 2 3 5271 Main2
157 380 1 1 5492 Main3
47 1866 2 3 6784 Main3
18 705 2 3 5634 Main3
22 499 2 2 5471 Main3
109 318 2 3 5323 Main3
161 420 2 2 5530 Main3
131 461 2 2 5499 Main3
349 446 2 3 5644 Main3
330 303 1 1 5283 Main3
154 438 1 1 5435 Main3
133 372 1 1 5469 Main3
52 452 2 2 5513 Main3
7 843 1 1 5922 Main3
33 457 1 1 5340 Main3
204 365 2 2 5464 Main3
90 463 2 3 5450 Main3
119 422 1 1 5358 Main3
197 405 2 3 5276 Main3
55 1419 2 3 6650 Main3
196 591 2 3 5760 Main3
233 479 2 2 5714 Main3
20 396 2 3 5464 Main3
295 430 2 3 5584 Main3
45 394 2 2 5598 Main3
15 545 2 2 5643 Main3
222 414 1 1 5377 Main3
121 568 1 1 5596 Main3
105 1050 2 2 6001 Main3
51 699 2 3 5662 Main3
303 483 1 1 5503 Main3
280 369 1 1 5483 Main3
245 353 1 1 5520 Main3
140 511 2 3 5410 Main3
56 451 2 3 5423 Main3
227 762 2 2 5963 Main3
115 723 1 1 5664 Main3
301 418 1 1 5602 Main3
141 1042 2 2 6274 Main3
337 1527 1 1 6421 Main3
130 624 2 2 5870 Main3
94 881 1 1 5769 Main3
344 827 1 1 5957 Main3
282 630 2 2 5807 Main3
13 632 2 3 5817 Main3
347 479 2 3 5559 Main3
38 405 1 1 5568 Main3
314 373 2 2 5281 Main3
103 351 2 2 5611 Main3
342 360 1 1 5291 Main3
355 1654 2 3 6864 Main3
208 452 2 3 5631 Main3
181 350 1 1 5293 Main3
41 455 2 2 5393 Main3
190 347 1 1 5453 Main3
170 265 2 3 5496 Main3
257 1359 2 3 6503 Main3
345 415 2 2 5509 Main3
106 1765 2 3 6907 Main3
10 467 1 1 5569 Main3
125 410 1 1 5457 Main3
194 312 2 3 5191 Main4
236 488 2 3 5583 Main4
35 378 1 1 5455 Main4
69 391 1 1 5478 Main4
68 359 1 1 5354 Main4
217 471 2 2 5504 Main4
310 390 1 1 5464 Main4
93 398 1 1 5424 Main4
58 1575 2 3 6563 Main4
298 396 2 3 5444 Main4
113 402 2 2 5474 Main4
202 328 2 2 5300 Main4
185 462 1 1 5517 Main4
169 459 2 3 5610 Main4
315 498 2 2 5620 Main4
200 354 2 3 5601 Main4
4 544 1 1 5613 Main4
3 386 1 1 5496 Main4
59 475 2 2 5660 Main4
109 506 2 3 5696 Main4
335 391 1 1 5426 Main4
323 450 2 2 5373 Main4
218 429 1 1 5603 Main4
306 374 1 1 5240 Main4
131 509 2 2 5785 Main4
327 399 2 3 5312 Main4
92 493 2 3 5512 Main4
224 330 1 1 5240 Main4
359 509 2 2 5709 Main4
230 869 1 1 5981 Main4
264 430 2 2 5446 Main4
135 369 2 2 5266 Main4
273 360 1 1 5348 Main4
330 429 2 3 5608 Main4
138 439 2 3 5433 Main4
339 360 1 1 5392 Main4
293 372 2 3 5263 Main4
22 422 2 2 5300 Main4
354 889 2 3 5962 Main4
120 565 1 1 5441 Main4
133 363 2 2 5507 Main4
146 305 2 3 5175 Main4
154 409 1 1 5393 Main4
23 435 2 2 5423 Main4
67 751 1 1 5733 Main4
27 301 2 3 5219 Main4
334 341 1 1 5380 Main4
34 890 1 1 6163 Main4
275 451 1 1 5434 Main4
351 1279 1 1 6305 Main4
318 126 2 3 5167 Main4
42 266 1 1 5521 Main4
239 889 2 3 5751 Main4
286 313 2 3 5293 Main4
292 487 2 2 5737 Main4
209 284 2 3 5281 Main4
130 558 2 3 5624 Main4
227 452 2 3 5462 Main4
39 344 1 1 5321 Main4
41 1207 1 1 6100 Main4
172 346 2 2 5370 Main5
336 349 1 1 5478 Main5
81 346 2 2 5353 Main5
305 370 1 1 5305 Main5
279 406 1 1 5548 Main5
355 329 2 2 5255 Main5
165 316 2 3 5251 Main5
52 443 2 2 5602 Main5
167 296 2 3 5161 Main5
112 345 2 2 5238 Main5
259 417 2 3 5519 Main5
321 488 2 2 5651 Main5
228 610 2 3 5530 Main5
211 446 1 1 5325 Main5
346 322 2 3 5463 Main5
119 402 2 2 5602 Main5
51 380 1 1 5391 Main5
197 265 2 3 5130 Main5
230 349 2 3 5453 Main5
311 228 2 3 5179 Main5
331 268 1 1 5283 Main5
143 381 2 2 5605 Main5
205 330 2 2 5248 Main5
160 305 1 1 5534 Main5
304 305 1 1 5197 Main5
215 364 1 1 5273 Main5
107 384 2 3 5407 Main5
100 681 1 1 5814 Main5
219 857 1 1 5878 Main5
78 585 2 3 5575 Main5
340 1264 1 1 6494 Main5
62 621 2 3 5569 Main5
218 442 1 1 5584 Main5
184 379 2 3 5467 Main5
220 313 1 1 5227 Main5
104 1152 1 1 6359 Main5
111 491 2 3 5454 Main5
103 493 1 1 5529 Main5
314 394 2 3 5399 Main5
360 177 2 3 5424 Main5
203 369 2 2 5207 Main5
342 397 1 1 5440 Main5
32 214 1 1 5086 Main5
140 339 2 3 5444 Main5
285 397 2 2 5391 Main5
144 632 2 2 5491 Main5
130 441 1 1 5372 Main5
127 434 1 1 5335 Main5
183 332 2 3 5571 Main5
330 345 2 3 5385 Main5
15 1134 2 2 5992 Main5
176 970 2 3 6072 Main5
194 602 2 3 5662 Main5
226 301 2 3 5401 Main5
58 486 2 3 5400 Main5
8 367 1 1 5260 Main5
353 345 2 2 5551 Main5
246 755 2 2 5645 Main5
187 412 2 2 5476 Main5
188 345 1 1 5443 Main5
107 379 2 2 5417 Main6
70 327 1 1 5394 Main6
95 371 1 1 5317 Main6
201 482 2 2 5614 Main6
34 418 1 1 5372 Main6
214 463 1 1 5604 Main6
350 432 2 3 5548 Main6
328 312 1 1 5244 Main6
102 403 2 2 5617 Main6
319 364 2 3 5438 Main6
48 281 1 1 5488 Main6
24 514 2 2 5395 Main6
242 438 2 3 5333 Main6
241 419 1 1 5439 Main6
51 522 2 2 5558 Main6
168 229 2 3 5344 Main6
1 328 1 1 5338 Main6
141 788 2 2 5768 Main6
296 333 2 3 5416 Main6
222 319 2 2 5282 Main6
164 437 2 2 5420 Main6
230 362 2 3 5219 Main6
220 934 2 3 6180 Main6
178 307 2 3 5230 Main6
261 456 2 2 5439 Main6
20 286 2 3 5178 Main6
82 484 2 2 5418 Main6
332 189 1 1 5329 Main6
133 386 2 3 5513 Main6
288 365 2 3 5267 Main6
225 534 2 2 5507 Main6
256 495 2 3 5433 Main6
2 441 2 2 5394 Main6
37 286 2 2 5345 Main6
346 510 2 3 5463 Main6
226 503 2 2 5713 Main6
314 346 2 3 5557 Main6
74 307 2 2 5425 Main6
56 462 2 3 5427 Main6
42 321 2 2 5290 Main6
237 584 1 1 5647 Main6
189 246 2 2 5501 Main6
287 307 2 3 5287 Main6
54 532 2 3 5464 Main6
277 401 1 1 5514 Main6
322 702 2 2 5743 Main6
126 390 1 1 5634 Main6
146 284 2 3 5300 Main6
358 492 2 3 5372 Main6
313 52 2 2 5074 Main6
135 607 2 2 5868 Main6
28 336 2 3 5602 Main6
111 640 2 2 5887 Main6
29 426 2 3 5380 Main6
239 348 1 1 5355 Main6
213 490 1 1 5535 Main6
298 306 2 3 5289 Main6
14 395 2 2 5438 Main6
228 349 1 1 5500 Main6
101 277 2 3 5284 Main6
