33 5388 1 1 10615 Main1
175 1362 2 2 6211 Main1
140 1171 2 3 6112 Main1
165 777 2 2 5666 Main1
24 909 2 2 5894 Main1
255 521 2 2 5447 Main1
205 1947 2 2 6966 Main1
256 288 2 3 5279 Main1
210 863 2 3 5981 Main1
200 681 2 3 5868 Main1
45 333 2 2 5334 Main1
252 527 2 2 5717 Main1
90 698 2 3 5673 Main1
248 1500 1 1 6474 Main1
324 531 2 2 5708 Main1
355 727 1 1 5654 Main1
40 789 1 1 5983 Main1
14 603 2 2 5754 Main1
261 604 2 2 5698 Main1
5 754 2 2 5844 Main1
290 589 2 3 5717 Main1
268 753 2 3 5657 Main1
247 1099 1 1 6105 Main1
224 877 2 2 5762 Main1
353 510 2 2 5688 Main1
41 587 2 2 5779 Main1
17 359 2 3 5540 Main1
351 876 2 2 6003 Main1
77 663 2 3 5546 Main1
232 1164 2 2 6037 Main1
244 611 1 1 5848 Main1
86 271 2 3 5341 Main1
209 519 2 3 5589 Main1
306 1591 2 3 6512 Main1
160 650 1 1 5782 Main1
114 384 2 2 5484 Main1
193 2588 2 2 7484 Main1
155 872 1 1 6081 Main1
44 589 2 2 5564 Main1
280 736 1 1 5618 Main1
310 758 1 1 6001 Main1
249 1319 1 1 6174 Main1
132 621 2 2 5824 Main1
190 1708 1 1 6790 Main1
94 372 1 1 5415 Main1
93 672 1 1 5601 Main1
56 509 2 3 5587 Main1
80 754 2 3 5886 Main1
177 10000 3 1 15096 Main1
345 3311 2 2 8383 Main1
217 509 1 1 5621 Main1
123 509 1 1 5511 Main1
189 4746 2 2 9959 Main1
339 3928 2 2 8783 Main1
267 507 2 3 5428 Main1
79 823 2 3 5835 Main1
84 1789 2 2 6742 Main1
236 1324 2 3 6525 Main1
188 682 1 1 5627 Main1
358 923 2 3 5872 Main1
83 642 2 2 5607 Main2
127 2958 2 2 7996 Main2
145 1279 1 1 6301 Main2
10 1948 2 2 7141 Main2
186 1429 1 1 6496 Main2
239 2239 1 1 7196 Main2
39 1206 1 1 6437 Main2
332 938 1 1 5968 Main2
299 810 2 3 6035 Main2
131 2928 2 3 8059 Main2
114 2449 2 2 7612 Main2
215 2484 2 2 7484 Main2
65 3213 2 2 8161 Main2
208 1135 2 3 6165 Main2
48 635 2 3 5535 Main2
329 2775 2 3 7682 Main2
319 612 2 3 5562 Main2
22 677 2 2 5762 Main2
289 3877 2 2 9063 Main2
324 550 2 2 5513 Main2
228 673 2 3 5616 Main2
249 2443 2 2 7478 Main2
245 2036 2 2 7164 Main2
347 737 2 3 5614 Main2
55 3394 2 2 8405 Main2
234 2932 2 2 8088 Main2
274 2383 2 2 7531 Main2
210 2806 2 2 7974 Main2
111 248 2 2 5111 Main2
97 635 1 1 5839 Main2
323 632 2 3 5611 Main2
49 726 2 3 5857 Main2
226 915 2 2 5930 Main2
125 1687 2 2 6815 Main2
183 2188 2 3 7083 Main2
68 615 2 2 5545 Main2
93 1021 1 1 6220 Main2
278 1668 1 1 6840 Main2
230 1495 2 3 6650 Main2
187 1179 2 2 6300 Main2
153 1595 2 2 6735 Main2
327 2973 2 2 7942 Main2
259 3959 2 2 9039 Main2
112 58 2 2 4924 Main2
6 117 1 1 5078 Main2
288 509 2 3 5546 Main2
14 809 2 2 5686 Main2
146 2945 2 3 8008 Main2
279 8501 2 3 13576 Main2
280 2789 2 2 7995 Main2
64 509 1 1 5417 Main2
236 1228 2 3 6469 Main2
50 1182 2 3 6415 Main2
270 3042 2 3 7990 Main2
18 2579 2 3 7751 Main2
293 3040 2 2 8157 Main2
27 1429 2 3 6430 Main2
81 2980 2 3 8231 Main2
71 858 2 2 5974 Main2
67 1800 2 2 6778 Main2
91 5468 2 2 11167 Main3
327 509 2 3 5359 Main3
280 554 1 1 5790 Main3
184 576 1 1 5632 Main3
235 2540 2 2 7679 Main3
337 706 1 1 5867 Main3
267 608 2 3 5858 Main3
269 792 2 3 5844 Main3
115 1436 1 1 6599 Main3
89 2236 2 3 7424 Main3
178 2282 2 3 7251 Main3
326 4219 2 3 9185 Main3
101 701 2 3 5765 Main3
8 954 2 2 5847 Main3
189 1280 2 3 6474 Main3
62 799 2 2 6011 Main3
128 750 2 3 5902 Main3
64 926 2 2 5891 Main3
75 901 2 2 6042 Main3
246 946 1 1 6093 Main3
292 556 2 2 5598 Main3
50 622 2 2 5478 Main3
318 2485 2 3 7347 Main3
236 1130 2 2 6146 Main3
299 808 2 2 6023 Main3
306 1952 2 3 7051 Main3
347 1602 2 3 6808 Main3
168 1181 2 3 6050 Main3
105 2230 2 3 7301 Main3
21 2221 2 3 7297 Main3
204 6066 2 3 11167 Main3
96 2872 2 3 7819 Main3
114 824 2 3 5977 Main3
256 743 2 2 5855 Main3
132 582 2 3 5591 Main3
332 662 2 3 5765 Main3
241 509 2 3 5436 Main3
149 517 2 2 5396 Main3
102 391 2 3 5472 Main3
187 2592 2 3 7708 Main3
310 4294 2 3 9531 Main3
55 1255 2 3 6116 Main3
141 1671 2 3 6598 Main3
198 2792 2 2 7810 Main3
47 5765 2 2 10727 Main3
186 792 1 1 5685 Main3
338 356 2 3 5261 Main3
72 632 2 2 5879 Main3
23 757 1 1 5858 Main3
5 357 1 1 5329 Main3
15 949 2 3 5880 Main3
284 954 2 3 6140 Main3
238 1102 1 1 6006 Main3
239 770 2 2 5832 Main3
60 839 2 3 5795 Main3
242 1688 2 2 6643 Main3
154 1682 2 3 6594 Main3
335 3386 2 3 8246 Main3
56 3584 2 2 8750 Main3
233 3884 2 3 9102 Main3
321 856 2 2 6711 Main4
8 578 2 3 5587 Main4
319 64 2 3 5287 Main4
152 4823 1 1 9897 Main4
183 810 1 1 5777 Main4
239 2478 2 3 7553 Main4
175 1048 1 1 6114 Main4
15 1355 2 3 6391 Main4
53 3851 2 3 8945 Main4
309 5734 2 3 10639 Main4
138 1457 2 2 6631 Main4
141 998 2 3 6015 Main4
215 509 2 3 5596 Main4
197 1435 2 3 6456 Main4
165 396 2 2 5352 Main4
251 528 2 3 5630 Main4
201 1662 2 3 6559 Main4
22 1240 2 3 6258 Main4
331 1928 2 3 7001 Main4
355 509 2 3 5426 Main4
296 2063 2 2 6929 Main4
104 3014 2 3 7946 Main4
66 1568 2 2 6536 Main4
314 808 2 3 5779 Main4
290 1123 2 2 6171 Main4
55 385 1 1 5508 Main4
33 827 2 3 5978 Main4
352 509 2 2 5718 Main4
243 1012 2 2 6258 Main4
174 2198 2 3 7078 Main4
92 2111 2 3 7132 Main4
188 771 2 3 5997 Main4
10 946 2 3 5985 Main4
344 620 2 3 5628 Main4
100 1347 2 3 6538 Main4
129 947 2 3 5987 Main4
248 698 2 3 5836 Main4
68 744 2 3 5687 Main4
135 508 1 1 5697 Main4
142 509 2 2 5515 Main4
224 871 1 1 5900 Main4
36 1624 2 3 6759 Main4
258 1912 2 3 6986 Main4
297 1321 2 2 6233 Main4
123 1450 2 3 6462 Main4
273 1545 2 2 6667 Main4
24 1765 2 3 6739 Main4
47 2761 2 3 7688 Main4
155 971 2 2 5913 Main4
298 659 2 2 5675 Main4
269 1141 2 3 6187 Main4
233 2126 2 3 7210 Main4
91 4548 2 3 9490 Main4
26 3760 2 2 8627 Main4
2 1587 2 3 6597 Main4
264 1932 2 2 6882 Main4
176 863 2 3 5761 Main4
234 2092 2 3 7119 Main4
27 2450 2 2 7308 Main4
294 2030 2 3 7020 Main4
49 324 1 1 6585 Main5
54 782 2 3 5908 Main5
231 1580 2 3 6479 Main5
345 149 2 3 5202 Main5
173 3159 2 2 8181 Main5
52 262 2 3 5176 Main5
57 3843 2 3 8778 Main5
260 233 2 2 5179 Main5
20 510 2 2 5364 Main5
174 607 2 3 5530 Main5
126 702 2 3 5659 Main5
350 599 1 1 5735 Main5
204 856 2 3 6102 Main5
228 2370 2 3 7477 Main5
90 764 2 3 5765 Main5
261 1850 2 3 6822 Main5
257 869 2 3 5864 Main5
184 752 2 3 5898 Main5
242 3120 2 2 8157 Main5
328 2383 2 2 7304 Main5
205 542 2 3 5642 Main5
249 731 2 3 5587 Main5
87 948 2 2 5851 Main5
180 2207 2 3 7308 Main5
251 2032 2 3 6932 Main5
309 2920 2 2 7827 Main5
341 1716 2 3 6782 Main5
230 1709 2 3 6844 Main5
239 1175 2 3 6258 Main5
95 1461 2 3 6484 Main5
175 3473 2 3 8453 Main5
347 1001 2 3 5883 Main5
314 2585 2 2 7564 Main5
116 10000 3 1 15180 Main5
55 4151 2 3 9359 Main5
348 1397 2 3 6253 Main5
186 948 2 3 5924 Main5
67 1067 2 3 6095 Main5
301 1927 2 3 6868 Main5
14 2631 2 2 7812 Main5
191 4866 2 2 10005 Main5
276 5234 2 3 10146 Main5
154 832 2 3 5938 Main5
194 3374 2 3 8521 Main5
288 2476 2 3 7625 Main5
119 1845 1 1 6709 Main5
168 2762 2 3 7936 Main5
138 1990 2 3 7089 Main5
112 1460 2 2 6311 Main5
179 1462 2 2 6614 Main5
147 1151 2 3 6275 Main5
319 1055 2 3 6020 Main5
163 1928 2 2 7075 Main5
245 3551 2 3 8665 Main5
104 2792 2 3 7763 Main5
201 1744 2 3 6968 Main5
339 676 1 1 5788 Main5
74 1754 2 3 6643 Main5
188 2775 2 3 7961 Main5
220 2611 2 3 7554 Main5
262 830 2 3 6071 Main6
217 596 1 1 5565 Main6
225 1649 1 1 6563 Main6
309 1669 2 3 6724 Main6
171 933 2 2 5935 Main6
229 1075 2 3 6241 Main6
82 1880 2 2 6748 Main6
110 2227 2 3 7414 Main6
333 1434 2 3 6642 Main6
15 2501 2 3 7631 Main6
89 1868 2 3 6792 Main6
253 2058 2 3 7033 Main6
157 940 2 2 6149 Main6
207 3636 1 1 8728 Main6
218 606 2 3 5818 Main6
223 905 2 3 5942 Main6
287 1420 2 3 6396 Main6
238 1014 2 3 6039 Main6
343 727 2 3 5921 Main6
234 1168 2 3 6345 Main6
206 970 2 3 6208 Main6
156 858 2 3 5930 Main6
241 1633 2 3 6676 Main6
7 2005 2 3 7033 Main6
328 1798 2 3 6701 Main6
112 2150 2 3 7246 Main6
190 1811 2 3 6892 Main6
315 1597 2 3 6776 Main6
143 547 2 3 5776 Main6
179 511 2 2 5630 Main6
170 879 2 2 5833 Main6
71 680 1 1 5601 Main6
210 669 2 3 5728 Main6
340 316 2 3 5227 Main6
39 871 2 3 5781 Main6
34 1920 2 3 6973 Main6
284 1675 2 3 6683 Main6
146 1633 2 3 6695 Main6
158 1266 2 3 6495 Main6
230 6234 2 3 11094 Main6
95 983 2 3 5853 Main6
57 3628 2 2 8616 Main6
239 3328 2 2 8464 Main6
247 2385 2 3 7596 Main6
202 1645 2 3 6669 Main6
98 2521 2 3 7427 Main6
249 3268 2 3 8490 Main6
136 2884 2 2 7944 Main6
107 2109 2 3 7073 Main6
177 1811 2 3 6788 Main6
283 1647 2 2 6543 Main6
219 1313 2 2 6230 Main6
117 510 2 2 5554 Main6
56 363 1 1 5516 Main6
320 1456 2 2 6504 Main6
237 1638 2 3 6882 Main6
44 3368 2 3 8300 Main6
273 1373 2 3 6286 Main6
303 2553 2 3 7492 Main6
355 1993 2 2 7206 Main6
