331 6399 1 1 11586 Main1
253 1350 1 1 6471 Main1
109 1845 1 1 6859 Main1
158 782 1 1 5794 Main1
4 744 2 2 5727 Main1
5 527 2 2 5666 Main1
237 666 2 2 5746 Main1
87 763 2 2 5631 Main1
34 837 1 1 5803 Main1
187 783 2 2 5726 Main1
138 3034 2 3 8104 Main1
185 993 2 2 5996 Main1
351 886 2 2 5749 Main1
281 882 1 1 5965 Main1
307 595 2 3 5522 Main1
300 573 2 2 5663 Main1
57 657 1 1 5767 Main1
206 762 2 3 5710 Main1
124 916 2 2 5754 Main1
262 775 2 2 5803 Main1
208 626 2 2 5782 Main1
358 1126 2 2 6008 Main1
112 926 2 3 6001 Main1
220 1424 1 1 6331 Main1
77 877 2 3 5797 Main1
10 1551 2 3 6652 Main1
117 1887 1 1 6943 Main1
192 2604 2 3 7790 Main1
294 1618 1 1 6616 Main1
344 1321 2 2 6373 Main1
318 1078 2 3 6121 Main1
80 1115 2 3 6191 Main1
20 799 1 1 5975 Main1
291 1844 1 1 6910 Main1
16 835 2 3 5821 Main1
73 600 1 1 5587 Main1
350 779 1 1 5819 Main1
93 566 1 1 5688 Main1
284 738 2 2 5964 Main1
180 688 2 3 5714 Main1
354 762 1 1 5884 Main1
177 791 2 3 5807 Main1
214 412 1 1 5350 Main1
157 873 2 2 5865 Main1
168 1001 2 3 6034 Main1
94 1385 1 1 6209 Main1
105 1436 1 1 6508 Main1
255 1230 2 3 6230 Main1
30 1421 2 3 6480 Main1
228 1305 2 3 6385 Main1
143 915 2 3 5998 Main1
120 1795 1 1 6699 Main1
61 713 1 1 5684 Main1
70 799 2 2 5772 Main1
343 1079 1 1 6269 Main1
42 2426 2 3 7572 Main1
111 1126 1 1 6075 Main1
155 1044 2 3 5925 Main1
78 638 2 3 5790 Main1
3 892 2 2 6045 Main1
40 765 2 2 5895 Main2
26 439 1 1 5661 Main2
245 30 2 2 5061 Main2
57 491 2 3 5361 Main2
25 408 1 1 5492 Main2
43 1230 1 1 6246 Main2
7 642 2 3 5635 Main2
298 697 2 2 5601 Main2
323 947 1 1 6057 Main2
273 684 1 1 5715 Main2
36 670 1 1 5653 Main2
151 565 1 1 5698 Main2
201 699 2 3 5848 Main2
96 659 2 3 5596 Main2
262 595 2 3 5663 Main2
360 767 2 2 5834 Main2
295 400 1 1 5429 Main2
315 524 2 2 5561 Main2
138 814 2 2 5965 Main2
52 534 1 1 5420 Main2
166 337 2 3 5296 Main2
156 704 1 1 5588 Main2
234 582 1 1 5651 Main2
282 844 1 1 5794 Main2
15 387 2 2 5315 Main2
147 391 2 3 5423 Main2
240 649 1 1 5707 Main2
123 403 2 2 5490 Main2
187 509 1 1 5573 Main2
163 634 1 1 5797 Main2
73 1484 1 1 6347 Main2
34 514 1 1 5698 Main2
300 591 2 3 5440 Main2
265 475 1 1 5441 Main2
332 693 2 2 5734 Main2
291 590 2 2 5740 Main2
355 567 2 2 5633 Main2
242 680 2 2 5863 Main2
120 750 2 2 5755 Main2
95 494 1 1 5351 Main2
126 639 2 3 5845 Main2
5 553 2 2 5627 Main2
54 424 2 2 5430 Main2
98 698 1 1 5681 Main2
219 876 2 3 6063 Main2
29 666 1 1 5705 Main2
275 449 1 1 5330 Main2
339 899 1 1 5779 Main2
255 531 1 1 5378 Main2
155 769 2 3 5954 Main2
326 507 2 3 5643 Main2
358 500 2 2 5441 Main2
103 582 1 1 5599 Main2
71 645 1 1 5666 Main2
112 619 2 3 5612 Main2
113 568 2 3 5518 Main2
3 583 2 2 5474 Main2
48 511 1 1 5478 Main2
296 493 2 3 5527 Main2
327 475 1 1 5493 Main2
20 397 2 2 5342 Main3
19 310 2 3 5286 Main3
342 382 1 1 5438 Main3
161 49 1 1 4907 Main3
96 2234 2 3 7270 Main3
62 572 1 1 5445 Main3
242 616 2 2 5715 Main3
295 493 1 1 5708 Main3
112 573 2 3 5488 Main3
233 492 1 1 5589 Main3
313 482 1 1 5355 Main3
316 615 2 3 5591 Main3
203 706 2 3 5851 Main3
179 398 1 1 5344 Main3
327 441 2 3 5619 Main3
102 261 1 1 5213 Main3
322 253 1 1 5450 Main3
156 203 2 3 5174 Main3
289 500 2 3 5685 Main3
26 565 2 3 5691 Main3
3 317 2 2 5314 Main3
108 516 2 3 5577 Main3
266 661 1 1 5501 Main3
294 419 1 1 5610 Main3
195 779 1 1 5828 Main3
141 540 2 3 5463 Main3
120 3321 2 3 8239 Main3
146 536 1 1 5467 Main3
93 567 1 1 5556 Main3
6 596 2 3 5524 Main3
135 417 2 3 5587 Main3
127 619 2 3 5830 Main3
70 389 1 1 5550 Main3
317 434 1 1 5484 Main3
178 1066 2 3 6101 Main3
356 231 2 3 5110 Main3
106 751 2 2 5867 Main3
201 383 2 3 5250 Main3
31 416 1 1 5502 Main3
310 456 2 2 5372 Main3
353 441 1 1 5296 Main3
300 502 2 3 5360 Main3
330 351 1 1 5486 Main3
347 774 2 3 5873 Main3
144 547 2 3 5594 Main3
42 508 1 1 5553 Main3
299 498 1 1 5422 Main3
221 415 1 1 5627 Main3
292 482 2 2 5633 Main3
218 431 1 1 5355 Main3
32 420 2 2 5502 Main3
50 453 2 3 5646 Main3
37 662 2 2 5797 Main3
325 375 2 2 5229 Main3
338 405 2 3 5388 Main3
143 442 1 1 5289 Main3
155 424 1 1 5634 Main3
331 247 2 2 5323 Main3
78 438 1 1 5427 Main3
86 1424 2 3 6564 Main3
52 486 2 2 5584 Main4
254 471 1 1 5483 Main4
176 425 2 2 5457 Main4
145 527 1 1 5540 Main4
211 445 2 2 5477 Main4
29 385 1 1 5343 Main4
22 974 2 3 5980 Main4
116 646 2 3 5650 Main4
88 480 2 2 5566 Main4
344 356 2 2 5484 Main4
103 463 1 1 5495 Main4
46 353 2 3 5219 Main4
118 642 2 2 5864 Main4
239 398 1 1 5454 Main4
24 415 2 3 5254 Main4
243 364 2 2 5466 Main4
85 290 2 2 5299 Main4
312 173 1 1 5108 Main4
16 404 1 1 5562 Main4
62 474 1 1 5573 Main4
114 364 2 2 5468 Main4
156 429 2 3 5534 Main4
167 2366 1 1 7589 Main4
150 963 2 3 6091 Main4
53 369 2 3 5496 Main4
17 420 2 2 5272 Main4
73 455 1 1 5444 Main4
63 521 1 1 5599 Main4
137 366 1 1 5284 Main4
336 471 2 3 5342 Main4
33 327 1 1 5556 Main4
36 1331 2 2 6544 Main4
349 728 2 2 5822 Main4
25 357 2 3 5329 Main4
257 543 2 3 5719 Main4
221 316 1 1 5285 Main4
360 263 1 1 5389 Main4
67 334 2 2 5291 Main4
97 617 1 1 5663 Main4
158 567 1 1 5739 Main4
229 495 1 1 5569 Main4
119 400 2 2 5237 Main4
190 428 2 3 5284 Main4
253 237 2 3 5228 Main4
143 244 1 1 5261 Main4
126 392 2 2 5445 Main4
42 1178 1 1 6318 Main4
70 726 1 1 5824 Main4
112 394 2 3 5569 Main4
327 202 2 3 5235 Main4
108 599 2 2 5481 Main4
311 993 2 3 5940 Main4
201 1319 1 1 6538 Main4
7 1758 1 1 6715 Main4
122 894 2 3 5873 Main4
37 886 1 1 5802 Main4
276 480 2 3 5329 Main4
299 426 1 1 5583 Main4
285 663 1 1 5600 Main4
113 485 2 2 5601 Main4
224 292 1 1 5272 Main5
343 716 2 2 5875 Main5
39 499 1 1 5571 Main5
128 391 2 3 5482 Main5
161 863 2 2 6084 Main5
93 574 1 1 5751 Main5
36 383 2 2 5389 Main5
242 577 1 1 5558 Main5
86 279 2 3 5385 Main5
191 400 2 2 5450 Main5
231 379 1 1 5236 Main5
243 605 2 2 5710 Main5
245 444 2 2 5479 Main5
164 264 1 1 5364 Main5
7 311 1 1 5455 Main5
66 367 1 1 5341 Main5
337 248 2 2 5416 Main5
344 310 1 1 5494 Main5
197 256 2 3 5257 Main5
226 279 2 3 5178 Main5
212 429 1 1 5465 Main5
247 744 2 2 5810 Main5
311 373 1 1 5312 Main5
185 630 2 3 5802 Main5
149 365 1 1 5439 Main5
103 1134 2 2 6081 Main5
116 345 2 3 5189 Main5
266 333 2 3 5490 Main5
336 404 1 1 5351 Main5
312 441 1 1 5522 Main5
295 630 2 3 5762 Main5
18 241 2 3 5267 Main5
135 530 2 2 5388 Main5
57 307 1 1 5318 Main5
165 618 2 3 5776 Main5
60 1626 1 1 6476 Main5
359 932 2 2 5931 Main5
307 673 1 1 5756 Main5
71 818 1 1 5833 Main5
209 425 2 3 5257 Main5
181 378 1 1 5234 Main5
49 470 2 3 5623 Main5
122 377 1 1 5539 Main5
287 265 2 3 5275 Main5
331 828 1 1 5798 Main5
315 261 2 2 5411 Main5
74 691 1 1 5742 Main5
340 637 2 3 5791 Main5
4 387 2 2 5608 Main5
89 334 2 3 5274 Main5
246 420 2 3 5632 Main5
284 834 2 2 5867 Main5
274 505 1 1 5433 Main5
88 464 2 2 5565 Main5
117 337 1 1 5172 Main5
106 744 1 1 5802 Main5
248 555 1 1 5663 Main5
183 351 2 2 5554 Main5
63 961 2 2 5982 Main5
237 351 1 1 5548 Main5
7 539 1 1 5457 Main6
235 1419 2 2 6301 Main6
266 297 2 3 5162 Main6
348 639 2 3 5691 Main6
88 603 1 1 5800 Main6
204 466 1 1 5496 Main6
3 477 2 3 5510 Main6
268 442 1 1 5451 Main6
95 706 1 1 5544 Main6
240 258 2 2 5100 Main6
228 229 2 3 5091 Main6
55 267 2 2 5284 Main6
326 647 2 3 5548 Main6
130 589 2 3 5671 Main6
111 436 1 1 5297 Main6
145 361 2 3 5571 Main6
252 285 2 2 5172 Main6
263 526 2 2 5725 Main6
315 401 1 1 5370 Main6
317 1683 2 3 6858 Main6
97 619 1 1 5783 Main6
200 227 2 3 5385 Main6
42 380 1 1 5367 Main6
30 493 2 2 5349 Main6
193 591 1 1 5551 Main6
57 387 2 2 5246 Main6
221 861 1 1 5817 Main6
223 562 1 1 5680 Main6
156 746 1 1 5715 Main6
25 243 2 2 5473 Main6
136 603 2 3 5796 Main6
274 520 2 2 5523 Main6
132 692 1 1 5735 Main6
303 1427 1 1 6511 Main6
307 1579 2 2 6613 Main6
102 1415 1 1 6282 Main6
283 1356 2 2 6253 Main6
273 448 1 1 5517 Main6
112 2884 2 2 7979 Main6
247 436 2 2 5566 Main6
337 498 1 1 5393 Main6
335 510 2 2 5449 Main6
174 400 2 3 5579 Main6
286 365 2 3 5361 Main6
135 734 2 2 5686 Main6
261 395 1 1 5299 Main6
281 409 1 1 5237 Main6
245 508 2 2 5614 Main6
20 346 2 3 5567 Main6
149 371 2 2 5539 Main6
75 168 1 1 5285 Main6
103 528 2 2 5394 Main6
62 807 2 3 5775 Main6
327 368 2 3 5539 Main6
148 259 2 2 5327 Main6
118 444 2 3 5608 Main6
167 384 2 3 5360 Main6
254 1828 1 1 7040 Main6
94 679 2 2 5506 Main6
237 519 2 3 5741 Main6
