125 1352 1 1 6589 Main1
74 988 2 2 6003 Main1
169 740 2 3 5792 Main1
350 851 2 3 5775 Main1
35 687 1 1 5539 Main1
36 548 1 1 5830 Main1
147 677 2 3 5693 Main1
343 930 2 2 5971 Main1
141 1041 2 2 6161 Main1
243 810 1 1 5865 Main1
112 989 2 2 6207 Main1
28 2187 1 1 7151 Main1
149 946 2 3 6007 Main1
137 1429 1 1 6343 Main1
296 802 2 3 5822 Main1
5 747 1 1 5694 Main1
167 905 2 3 6031 Main1
199 617 2 3 5554 Main1
340 629 1 1 5604 Main1
131 658 2 2 5759 Main1
2 1674 1 1 6961 Main1
309 549 1 1 5723 Main1
205 758 2 2 5914 Main1
18 764 2 3 5721 Main1
56 757 2 3 5703 Main1
200 547 2 3 5774 Main1
65 913 1 1 6100 Main1
113 937 2 2 6017 Main1
292 626 2 2 5502 Main1
334 532 1 1 5567 Main1
24 733 2 2 5668 Main1
317 878 2 3 5869 Main1
353 613 2 2 5857 Main1
129 702 1 1 5653 Main1
250 745 1 1 6047 Main1
155 823 1 1 6037 Main1
304 594 1 1 5628 Main1
100 800 1 1 5655 Main1
107 901 2 3 6193 Main1
91 582 1 1 5614 Main1
209 366 2 3 5501 Main1
67 597 1 1 5789 Main1
306 684 1 1 5969 Main1
21 826 2 2 5844 Main1
64 539 1 1 5459 Main1
212 569 1 1 5456 Main1
269 845 2 3 5747 Main1
195 733 2 2 5758 Main1
106 430 2 3 5421 Main1
69 500 1 1 5604 Main1
132 695 2 2 5850 Main1
301 930 1 1 6153 Main1
70 601 1 1 5813 Main1
270 620 2 3 5845 Main1
278 678 1 1 5769 Main1
133 664 2 2 5916 Main1
319 654 2 3 5888 Main1
73 899 2 2 5917 Main1
275 560 1 1 5757 Main1
164 666 2 2 5828 Main1
329 647 2 3 5715 Main2
314 803 2 2 6084 Main2
184 747 1 1 5926 Main2
342 741 2 2 5662 Main2
102 672 2 2 6096 Main2
88 199 2 3 5415 Main2
164 401 2 2 5567 Main2
289 351 2 3 5664 Main2
115 677 2 2 5587 Main2
121 686 1 1 5672 Main2
161 605 2 2 5668 Main2
151 693 1 1 5866 Main2
212 652 1 1 5548 Main2
81 587 2 2 5726 Main2
239 234 2 3 5428 Main2
178 430 2 3 5557 Main2
351 423 2 2 5423 Main2
224 471 2 2 5606 Main2
21 632 2 2 5809 Main2
312 711 2 2 5739 Main2
260 516 2 3 5737 Main2
293 584 2 2 5436 Main2
105 652 2 2 5613 Main2
181 482 1 1 5560 Main2
32 629 1 1 5648 Main2
152 609 1 1 5925 Main2
73 688 2 2 5689 Main2
71 700 2 2 5915 Main2
241 673 1 1 5859 Main2
360 766 2 3 6014 Main2
138 643 2 3 5761 Main2
72 657 2 2 5541 Main2
76 724 2 3 5811 Main2
100 655 1 1 5636 Main2
12 635 2 2 5605 Main2
232 597 2 2 5703 Main2
186 676 1 1 5799 Main2
99 531 1 1 5476 Main2
198 508 2 3 5699 Main2
324 219 2 2 5235 Main2
352 549 2 2 5409 Main2
327 469 2 3 5508 Main2
273 521 1 1 5660 Main2
163 661 2 2 5595 Main2
252 652 2 2 5687 Main2
290 526 2 3 5491 Main2
129 727 1 1 5866 Main2
318 635 2 3 5819 Main2
359 455 2 3 5698 Main2
89 611 2 3 5727 Main2
133 645 2 2 5595 Main2
328 407 2 3 5465 Main2
183 626 1 1 5966 Main2
24 673 2 2 5734 Main2
237 689 2 3 5665 Main2
157 588 1 1 5776 Main2
40 837 1 1 6207 Main2
348 705 2 3 5906 Main2
305 1246 1 1 6291 Main2
226 1006 2 3 6208 Main2
58 505 2 3 5492 Main3
302 717 1 1 5606 Main3
124 515 1 1 5485 Main3
236 492 2 3 5667 Main3
97 365 1 1 5417 Main3
326 606 2 3 5681 Main3
63 754 1 1 6055 Main3
178 802 2 3 5992 Main3
46 594 2 3 5744 Main3
77 747 2 3 5874 Main3
248 622 1 1 5710 Main3
331 435 1 1 5426 Main3
117 155 2 3 5513 Main3
150 177 2 3 5167 Main3
176 404 2 3 5525 Main3
246 558 1 1 5763 Main3
167 616 2 3 5850 Main3
345 654 2 2 5597 Main3
60 620 2 3 5771 Main3
38 459 1 1 5348 Main3
74 406 2 2 5252 Main3
344 627 2 2 5624 Main3
128 616 1 1 5866 Main3
81 628 2 2 5687 Main3
210 477 2 3 5555 Main3
299 583 2 3 5656 Main3
154 625 1 1 5846 Main3
122 670 1 1 5902 Main3
292 640 2 2 5502 Main3
5 852 1 1 5947 Main3
188 825 1 1 6040 Main3
92 722 1 1 5755 Main3
11 552 2 2 5536 Main3
195 562 2 2 5490 Main3
285 630 2 2 5483 Main3
47 500 2 3 5475 Main3
9 692 1 1 5592 Main3
36 644 1 1 5838 Main3
59 633 2 3 5814 Main3
26 622 2 3 5529 Main3
28 185 2 3 5200 Main3
208 578 2 3 5743 Main3
151 649 1 1 5649 Main3
260 550 2 3 5420 Main3
233 959 2 2 6168 Main3
207 401 2 3 5319 Main3
253 566 2 2 5613 Main3
133 528 2 2 5608 Main3
105 316 2 2 5506 Main3
249 550 1 1 5494 Main3
168 575 2 3 5528 Main3
329 692 2 3 5607 Main3
15 738 2 2 5717 Main3
132 613 2 2 5735 Main3
227 683 2 3 5588 Main3
53 713 2 2 5684 Main3
142 620 2 2 5842 Main3
186 462 1 1 5371 Main3
308 651 1 1 5697 Main3
185 584 1 1 5866 Main3
42 690 2 2 5650 Main4
300 364 2 3 5548 Main4
188 406 1 1 5640 Main4
266 570 2 3 5755 Main4
120 601 2 3 5670 Main4
135 524 2 2 5698 Main4
353 462 2 2 5316 Main4
196 448 2 3 5596 Main4
194 540 2 2 5665 Main4
24 600 2 2 5528 Main4
55 568 2 2 5799 Main4
126 551 1 1 5514 Main4
263 521 2 2 5587 Main4
171 426 2 2 5408 Main4
182 570 1 1 5723 Main4
277 566 1 1 5670 Main4
89 229 2 3 5312 Main4
296 345 2 3 5485 Main4
174 510 2 2 5589 Main4
143 544 2 2 5734 Main4
244 501 1 1 5530 Main4
147 276 2 3 5455 Main4
327 90 2 3 5199 Main4
321 525 2 2 5842 Main4
302 343 1 1 5493 Main4
284 623 2 2 5623 Main4
29 551 2 3 5643 Main4
52 627 2 2 5912 Main4
212 485 1 1 5714 Main4
11 604 2 2 5480 Main4
234 798 2 2 5913 Main4
262 443 2 2 5314 Main4
281 468 2 2 5656 Main4
33 557 1 1 5556 Main4
287 525 2 3 5583 Main4
193 840 2 2 6026 Main4
9 817 1 1 5728 Main4
90 654 2 3 5569 Main4
328 620 2 3 5623 Main4
13 436 2 2 5372 Main4
164 664 2 2 5699 Main4
185 630 1 1 5752 Main4
80 47 2 3 5006 Main4
161 381 2 2 5514 Main4
205 603 2 2 5840 Main4
68 676 1 1 5890 Main4
114 1420 2 2 6432 Main4
247 737 1 1 5668 Main4
37 620 1 1 5651 Main4
291 311 2 2 5394 Main4
219 864 1 1 5912 Main4
139 503 2 3 5488 Main4
5 602 1 1 5799 Main4
118 431 2 3 5469 Main4
248 735 1 1 5659 Main4
43 317 2 2 5465 Main4
233 455 2 2 5674 Main4
108 459 2 3 5411 Main4
315 510 2 2 5718 Main4
96 487 1 1 5503 Main4
260 2924 2 3 7901 Main5
310 640 1 1 5765 Main5
11 582 2 2 5690 Main5
111 3178 2 2 8114 Main5
183 542 1 1 5689 Main5
273 607 1 1 5719 Main5
163 411 2 2 5575 Main5
221 185 2 2 5144 Main5
351 345 2 2 5369 Main5
342 503 2 2 5786 Main5
277 1822 1 1 7052 Main5
243 10000 3 1 15205 Main5
293 798 2 2 5773 Main5
348 578 2 3 5526 Main5
22 315 2 2 5311 Main5
25 561 2 2 5738 Main5
19 189 2 3 5100 Main5
314 148 2 2 5269 Main5
215 522 1 1 5504 Main5
307 658 1 1 5672 Main5
352 674 2 2 5761 Main5
77 307 2 3 5324 Main5
193 801 2 2 5754 Main5
311 728 2 2 5758 Main5
137 676 2 3 5708 Main5
213 875 1 1 6025 Main5
357 784 2 3 6090 Main5
52 605 2 2 5540 Main5
206 685 2 3 5773 Main5
144 695 2 2 5741 Main5
56 723 2 3 5799 Main5
242 670 1 1 5680 Main5
235 558 2 2 5514 Main5
94 478 1 1 5630 Main5
148 659 2 3 5789 Main5
130 592 1 1 5600 Main5
119 623 2 3 5845 Main5
157 592 1 1 5641 Main5
135 671 2 2 5790 Main5
258 658 2 3 5730 Main5
43 739 2 2 5789 Main5
355 579 2 2 5544 Main5
298 727 2 3 5598 Main5
257 574 2 3 5640 Main5
189 1171 1 1 6030 Main5
185 678 1 1 5735 Main5
291 402 2 2 5513 Main5
83 427 2 2 5549 Main5
288 217 2 2 5464 Main5
302 654 1 1 5898 Main5
132 637 2 2 5581 Main5
207 591 2 3 5472 Main5
65 418 1 1 5440 Main5
170 409 2 3 5583 Main5
317 452 2 3 5497 Main5
286 702 2 3 5907 Main5
324 529 2 2 5701 Main5
251 514 2 2 5682 Main5
126 733 1 1 5850 Main5
47 654 2 3 5680 Main5
3 1131 1 1 6206 Main6
139 396 2 3 5758 Main6
237 552 2 3 5611 Main6
44 562 2 2 5698 Main6
339 345 1 1 5527 Main6
129 412 1 1 5654 Main6
343 419 2 2 5550 Main6
117 419 2 3 5343 Main6
167 381 2 3 5599 Main6
201 713 2 2 5561 Main6
95 524 1 1 5702 Main6
88 1187 2 3 6256 Main6
125 476 1 1 5722 Main6
140 357 2 3 5703 Main6
119 393 2 3 5470 Main6
21 375 2 2 5506 Main6
276 560 1 1 5737 Main6
190 583 1 1 5570 Main6
24 490 2 2 5548 Main6
273 564 1 1 5739 Main6
146 375 2 3 5431 Main6
94 1216 1 1 6274 Main6
203 576 2 2 5455 Main6
195 384 2 2 5511 Main6
236 324 2 3 5544 Main6
248 330 1 1 5324 Main6
223 931 2 2 6114 Main6
354 720 2 2 5845 Main6
313 697 2 2 5669 Main6
315 906 2 2 6264 Main6
225 707 2 2 5940 Main6
149 302 2 3 5213 Main6
26 675 2 3 5737 Main6
83 520 2 2 5745 Main6
184 476 1 1 5508 Main6
131 533 2 2 5478 Main6
207 45 2 2 5015 Main6
274 578 1 1 5577 Main6
265 481 2 2 5617 Main6
259 487 2 3 5769 Main6
39 522 1 1 5434 Main6
185 270 1 1 5327 Main6
6 560 1 1 5631 Main6
163 671 2 2 5604 Main6
284 710 2 2 6018 Main6
134 834 2 2 5703 Main6
25 759 2 2 5956 Main6
347 642 2 3 5795 Main6
335 516 1 1 5412 Main6
353 566 2 2 5484 Main6
238 620 2 3 5957 Main6
62 572 1 1 5650 Main6
41 693 2 2 5675 Main6
175 586 2 2 5595 Main6
23 579 2 2 5713 Main6
330 893 2 3 6092 Main6
218 583 1 1 5476 Main6
100 629 1 1 6011 Main6
5 571 1 1 5538 Main6
272 454 1 1 5392 Main6
