337 3112 2 3 8088 Main1
211 439 1 1 5527 Main1
223 32 2 2 5142 Main1
126 388 2 2 5535 Main1
163 50 2 2 5204 Main1
150 1194 2 3 6068 Main1
312 4220 2 2 9376 Main1
303 2318 1 1 7191 Main1
221 1996 2 2 7000 Main1
149 635 2 3 5615 Main1
40 3118 1 1 8147 Main1
169 4 1 1 5159 Main1
105 160 2 3 5053 Main1
100 286 2 2 5245 Main1
51 737 2 2 5601 Main1
233 693 2 2 5784 Main1
258 1195 2 3 6105 Main1
73 1731 2 3 6601 Main1
35 2631 2 2 7722 Main1
264 1408 1 1 6325 Main1
344 525 2 2 5638 Main1
156 609 2 2 5716 Main1
12 1359 2 3 6497 Main1
69 716 1 1 5669 Main1
130 1346 2 3 6362 Main1
76 171 2 2 5208 Main1
239 1375 2 2 6245 Main1
148 881 1 1 6084 Main1
293 123 2 2 5023 Main1
164 1698 2 3 6659 Main1
220 173 1 1 5071 Main1
234 836 2 2 6039 Main1
8 1300 2 3 6523 Main1
170 919 1 1 6104 Main1
349 1241 2 3 6427 Main1
269 1792 2 2 6875 Main1
115 993 2 3 6106 Main1
235 1121 1 1 6281 Main1
145 1422 1 1 6581 Main1
280 73 1 1 5021 Main1
186 1007 2 3 6032 Main1
5 780 2 2 5839 Main1
144 160 1 1 5286 Main1
174 685 2 2 5555 Main1
143 435 2 3 5332 Main1
203 1416 2 3 6473 Main1
318 1439 1 1 6473 Main1
82 2536 2 2 7635 Main1
287 1877 1 1 6795 Main1
277 1161 2 2 6208 Main1
50 2194 2 3 7348 Main1
87 874 2 3 6059 Main1
104 1304 1 1 6157 Main1
219 849 2 2 5893 Main1
122 664 2 2 5676 Main1
182 1142 2 2 6244 Main1
270 1778 1 1 6606 Main1
290 1034 2 3 5939 Main1
351 1386 2 2 6376 Main1
309 1746 2 3 6668 Main1
273 1143 2 2 6141 Main2
249 522 2 3 5632 Main2
243 158 1 1 5288 Main2
172 791 2 3 5743 Main2
218 462 2 2 5385 Main2
251 2027 1 1 7222 Main2
117 1079 2 2 6257 Main2
360 2109 1 1 7006 Main2
202 3347 1 1 8509 Main2
88 937 1 1 5956 Main2
124 1818 1 1 7038 Main2
256 1034 2 3 6184 Main2
246 2125 2 2 7223 Main2
94 1966 2 2 6882 Main2
150 884 2 3 6059 Main2
196 975 2 3 5805 Main2
107 1335 2 3 6357 Main2
224 725 1 1 5885 Main2
222 1594 2 2 6701 Main2
253 1792 2 3 6887 Main2
220 980 2 3 5948 Main2
281 375 1 1 5467 Main2
142 1919 2 2 6813 Main2
63 671 1 1 5585 Main2
176 920 1 1 6015 Main2
34 2361 2 3 7228 Main2
356 3207 2 3 8403 Main2
347 1859 2 3 6796 Main2
177 1029 1 1 6241 Main2
310 63 2 2 5205 Main2
156 3167 1 1 8061 Main2
29 490 2 2 5513 Main2
69 1312 1 1 6349 Main2
244 1468 2 3 6373 Main2
308 2688 2 2 7856 Main2
171 626 2 2 5548 Main2
197 2811 2 2 7930 Main2
330 4927 2 2 9921 Main2
190 463 1 1 5391 Main2
274 606 1 1 5597 Main2
90 1189 1 1 6369 Main2
324 2032 2 3 7216 Main2
134 630 2 3 5525 Main2
252 1599 1 1 6608 Main2
313 810 1 1 5824 Main2
335 1063 2 3 5973 Main2
45 1142 2 3 5999 Main2
205 1617 2 2 6756 Main2
125 1494 1 1 6500 Main2
16 2417 1 1 7419 Main2
264 1260 2 3 6124 Main2
11 5683 2 3 10840 Main2
255 1208 2 3 6364 Main2
210 3011 2 2 8094 Main2
305 2013 1 1 7163 Main2
103 1153 1 1 6133 Main2
111 1342 2 3 6345 Main2
40 2694 2 2 7874 Main2
237 1048 2 3 6259 Main2
340 3529 2 2 8432 Main2
282 1276 2 2 6395 Main3
5 56 2 2 5262 Main3
360 2120 2 2 7122 Main3
119 1181 1 1 6239 Main3
114 1720 2 2 6854 Main3
124 2021 2 3 6989 Main3
193 725 2 2 5709 Main3
152 728 2 3 5809 Main3
220 1445 2 2 6296 Main3
7 612 1 1 5574 Main3
22 1113 1 1 6204 Main3
156 1234 2 3 6374 Main3
263 2126 2 2 7314 Main3
198 2254 1 1 7301 Main3
201 2530 1 1 7392 Main3
195 1253 2 2 6217 Main3
241 1939 2 3 6836 Main3
326 3439 2 3 8362 Main3
185 2426 2 2 7379 Main3
109 889 1 1 5919 Main3
134 2082 2 2 7200 Main3
223 1783 2 3 6718 Main3
319 2090 2 2 6917 Main3
333 833 2 3 5722 Main3
212 837 1 1 6028 Main3
265 1845 2 3 6743 Main3
225 2580 2 2 7417 Main3
175 1394 2 2 6365 Main3
261 1838 2 3 7047 Main3
276 4213 2 3 9415 Main3
259 423 1 1 5456 Main3
305 2234 2 3 7095 Main3
314 1231 2 3 6174 Main3
54 2635 2 3 7703 Main3
283 1296 1 1 6442 Main3
244 1797 2 2 6986 Main3
67 1774 1 1 6990 Main3
344 864 2 3 5695 Main3
148 2208 2 3 7370 Main3
226 275 2 3 5495 Main3
232 2289 1 1 7344 Main3
172 4 2 3 5166 Main3
197 1392 2 3 6269 Main3
133 1208 2 3 6072 Main3
120 1921 2 2 7010 Main3
35 1368 2 3 6468 Main3
243 2332 1 1 7175 Main3
278 1498 1 1 6725 Main3
322 1401 1 1 6359 Main3
2 1748 2 3 6932 Main3
358 1100 2 2 6266 Main3
353 1003 2 3 6116 Main3
145 2092 2 3 7049 Main3
209 2350 2 3 7457 Main3
180 1338 1 1 6380 Main3
42 5842 2 2 10839 Main3
178 1044 2 3 5945 Main3
143 2254 1 1 7165 Main3
219 1741 2 2 6621 Main3
64 1531 2 3 6628 Main3
61 296 2 3 5159 Main4
8 1732 1 1 6775 Main4
67 1797 2 2 6717 Main4
139 659 2 3 5742 Main4
151 1956 2 2 6954 Main4
293 1328 2 2 6279 Main4
6 1232 2 3 6445 Main4
235 2157 1 1 7089 Main4
298 3099 2 2 8110 Main4
237 1756 2 2 6829 Main4
342 552 2 3 5495 Main4
257 841 1 1 5918 Main4
102 924 2 2 5961 Main4
113 408 2 3 5434 Main4
122 634 1 1 5782 Main4
230 798 2 2 5740 Main4
248 1197 1 1 6032 Main4
260 498 1 1 5476 Main4
192 794 2 3 5810 Main4
186 1963 2 3 7076 Main4
232 1823 2 2 6928 Main4
269 1790 1 1 6776 Main4
64 1958 2 3 6887 Main4
256 1758 2 3 6762 Main4
86 3894 2 2 8856 Main4
108 1303 1 1 6369 Main4
91 1239 2 3 6304 Main4
84 1464 2 2 6328 Main4
15 93 2 3 5173 Main4
140 895 2 3 6014 Main4
37 1626 1 1 6486 Main4
303 1648 2 2 6749 Main4
147 1387 2 3 6468 Main4
335 1293 2 2 6356 Main4
210 1638 2 2 6577 Main4
330 3852 1 1 8793 Main4
254 3075 1 1 7982 Main4
343 2152 2 3 7195 Main4
18 2238 2 2 7263 Main4
112 2899 2 2 7916 Main4
49 1631 2 3 6581 Main4
267 1849 1 1 6707 Main4
170 847 2 2 6013 Main4
4 1259 1 1 6393 Main4
153 1909 1 1 6983 Main4
312 2555 2 3 7634 Main4
286 2231 2 3 7177 Main4
340 85 2 2 5084 Main4
20 1569 1 1 6723 Main4
2 1692 2 3 6900 Main4
291 1657 1 1 6607 Main4
165 1187 1 1 6136 Main4
155 1625 2 2 6722 Main4
280 953 2 2 6155 Main4
3 512 1 1 5685 Main4
57 569 2 2 5679 Main4
242 1264 2 3 6133 Main4
164 1451 2 2 6450 Main4
279 1689 1 1 6659 Main4
172 1163 2 2 6228 Main4
157 2386 1 1 7609 Main5
139 1415 2 3 6445 Main5
247 298 2 2 5277 Main5
60 489 2 3 5388 Main5
203 190 1 1 5024 Main5
316 1143 2 3 6080 Main5
76 377 2 3 5300 Main5
40 1498 1 1 6445 Main5
39 733 2 2 5575 Main5
296 1923 1 1 6919 Main5
354 1099 2 3 6260 Main5
322 2070 2 3 7030 Main5
132 2441 1 1 7463 Main5
95 3646 1 1 8835 Main5
343 1176 2 2 6158 Main5
230 3634 2 3 8854 Main5
106 6061 2 2 10966 Main5
168 1469 1 1 6487 Main5
222 1488 2 2 6690 Main5
10 1125 1 1 6333 Main5
38 1318 1 1 6161 Main5
348 1732 2 3 6805 Main5
356 2373 2 3 7376 Main5
226 2807 2 3 7936 Main5
301 2732 2 3 7859 Main5
349 2519 1 1 7434 Main5
245 1525 2 2 6516 Main5
255 894 2 2 5857 Main5
29 1591 1 1 6695 Main5
98 1740 1 1 6566 Main5
207 2636 2 3 7643 Main5
5 2115 1 1 7288 Main5
326 3151 1 1 8224 Main5
100 591 2 3 5609 Main5
325 1234 2 3 6258 Main5
303 534 1 1 5382 Main5
149 688 2 2 5687 Main5
360 1256 2 2 6171 Main5
312 1477 1 1 6398 Main5
329 706 2 3 5703 Main5
335 1113 2 2 6136 Main5
289 1859 2 3 6865 Main5
238 111 1 1 5082 Main5
237 5001 1 1 10184 Main5
261 969 1 1 6024 Main5
225 1140 2 3 6046 Main5
50 2563 2 3 7606 Main5
114 1855 2 2 6971 Main5
183 2891 1 1 8063 Main5
32 3163 2 3 8257 Main5
111 2119 1 1 7158 Main5
135 2770 1 1 7803 Main5
68 1855 2 2 6985 Main5
212 5464 2 3 10570 Main5
290 3475 1 1 8692 Main5
164 3200 1 1 8380 Main5
170 3966 2 3 8814 Main5
359 2388 1 1 7407 Main5
199 3926 2 2 8944 Main5
209 1795 2 2 6758 Main5
18 1265 2 2 6372 Main6
75 1753 2 3 6726 Main6
344 672 1 1 5851 Main6
55 1389 1 1 6395 Main6
266 114 1 1 5054 Main6
352 942 2 2 5919 Main6
46 869 2 3 5735 Main6
122 1297 1 1 6444 Main6
115 842 2 2 5845 Main6
129 1697 1 1 6530 Main6
157 2916 2 3 7980 Main6
297 1555 1 1 6502 Main6
3 597 2 2 5704 Main6
83 1654 1 1 6633 Main6
218 859 2 3 5709 Main6
87 3257 1 1 8354 Main6
339 3365 2 3 8349 Main6
332 1948 2 2 7036 Main6
348 821 1 1 6010 Main6
273 1377 2 3 6369 Main6
302 1175 1 1 6034 Main6
132 1509 2 3 6555 Main6
349 961 2 2 6009 Main6
199 782 2 3 5665 Main6
335 561 1 1 5411 Main6
216 1637 2 2 6829 Main6
147 1074 2 2 5964 Main6
143 2605 2 3 7634 Main6
333 2918 1 1 8115 Main6
131 1856 1 1 7049 Main6
210 4136 2 3 9283 Main6
284 4951 2 2 10173 Main6
60 1241 1 1 6406 Main6
234 2815 2 3 7904 Main6
281 1590 1 1 6560 Main6
195 1127 2 2 5956 Main6
254 1690 2 3 6861 Main6
251 1407 1 1 6601 Main6
28 2090 2 2 6965 Main6
268 273 2 3 5164 Main6
69 1433 2 3 6590 Main6
118 453 1 1 5289 Main6
84 2821 2 2 7946 Main6
178 3124 1 1 8209 Main6
21 3195 1 1 8259 Main6
354 571 2 3 5443 Main6
10 855 2 2 6015 Main6
104 1155 2 3 6242 Main6
194 521 1 1 5645 Main6
66 2834 2 2 7971 Main6
318 992 2 3 6044 Main6
49 720 1 1 5743 Main6
314 1064 2 3 6020 Main6
187 2282 1 1 7486 Main6
313 843 1 1 5986 Main6
42 1144 2 2 6255 Main6
11 768 2 2 5684 Main6
98 1283 2 3 6460 Main6
307 834 2 3 5892 Main6
343 822 1 1 5869 Main6
