224 8838 2 2 13712 Main1
10 892 1 1 5852 Main1
184 795 2 3 5873 Main1
119 891 2 2 5998 Main1
1 559 1 1 5484 Main1
221 419 2 2 5592 Main1
135 505 2 3 5622 Main1
162 872 2 3 5963 Main1
47 733 2 2 5776 Main1
54 982 2 2 5978 Main1
104 1335 2 3 6401 Main1
100 1420 2 2 6339 Main1
270 1176 2 3 6025 Main1
332 429 1 1 5412 Main1
187 703 2 2 5923 Main1
102 690 2 2 5793 Main1
238 274 2 3 5279 Main1
310 613 1 1 5667 Main1
334 708 2 2 5820 Main1
58 715 2 2 5840 Main1
251 565 2 2 5700 Main1
82 322 2 2 5443 Main1
222 198 2 2 5225 Main1
20 256 2 3 5408 Main1
41 222 2 2 5157 Main1
267 375 2 3 5340 Main1
350 358 2 3 5327 Main1
284 30 2 2 5010 Main1
142 326 2 2 5212 Main1
5 290 1 1 5435 Main1
281 152 2 2 5260 Main1
152 24 1 1 4958 Main1
207 66 2 3 5089 Main1
199 615 2 3 5765 Main1
301 179 1 1 5190 Main1
6 25 1 1 5035 Main1
306 22 1 1 5201 Main1
16 31 2 3 5189 Main1
56 280 2 3 5151 Main1
329 108 2 3 5157 Main1
28 10000 3 1 15070 Main1
160 788 1 1 5862 Main1
126 10000 3 1 14929 Main1
85 565 1 1 5718 Main1
111 721 2 2 5724 Main1
92 944 2 2 5916 Main1
158 47 1 1 5115 Main1
279 54 1 1 5044 Main1
109 327 1 1 5231 Main1
64 107 2 2 5276 Main1
103 202 2 2 5329 Main1
127 262 1 1 5468 Main1
266 10000 3 1 14971 Main1
29 267 2 3 5174 Main1
2 10000 3 1 15079 Main1
129 72 1 1 5132 Main1
313 425 2 2 5481 Main1
66 221 1 1 5052 Main1
128 126 1 1 5240 Main1
272 262 1 1 5183 Main1
280 300 1 1 5229 Main2
316 751 2 3 5880 Main2
174 27 1 1 5210 Main2
344 650 2 2 5634 Main2
261 744 1 1 5700 Main2
173 292 1 1 5373 Main2
86 365 2 3 5563 Main2
220 378 1 1 5588 Main2
185 185 1 1 5230 Main2
125 293 1 1 5277 Main2
49 250 1 1 5309 Main2
252 319 1 1 5312 Main2
307 76 1 1 4902 Main2
207 38 2 3 5157 Main2
72 47 1 1 5111 Main2
152 294 1 1 5128 Main2
46 10000 3 1 14887 Main2
92 13 1 1 5110 Main2
337 742 2 2 5744 Main2
114 247 2 2 5416 Main2
251 576 1 1 5659 Main2
168 361 1 1 5466 Main2
163 189 2 2 5174 Main2
198 327 1 1 5235 Main2
83 125 1 1 5136 Main2
277 10000 3 1 14994 Main2
266 482 2 3 5615 Main2
161 10000 3 1 14998 Main2
179 10000 3 1 15149 Main2
172 10000 3 1 14918 Main2
157 73 1 1 5064 Main2
205 10000 3 1 15108 Main2
14 469 2 2 5413 Main2
144 43 2 2 5247 Main2
293 10000 3 1 14955 Main2
193 210 2 2 5283 Main2
104 132 1 1 5083 Main2
147 10000 3 1 15170 Main2
248 10000 3 1 15100 Main2
66 10000 3 1 14934 Main2
128 766 1 1 5923 Main2
165 10000 3 1 14972 Main2
123 856 2 2 6014 Main2
38 10000 3 1 15162 Main2
55 143 1 1 5041 Main2
350 10000 3 1 14957 Main2
358 50 2 3 5234 Main2
61 132 1 1 5264 Main2
143 217 1 1 5215 Main2
18 402 1 1 5257 Main2
243 105 2 2 4988 Main2
354 10000 3 1 14858 Main2
184 10000 3 1 15111 Main2
130 59 2 2 5256 Main2
238 10000 3 1 15132 Main2
106 34 2 3 5197 Main2
194 8062 2 2 13024 Main2
324 176 2 2 5085 Main2
67 571 2 2 5421 Main2
151 643 1 1 5834 Main2
53 929 1 1 5999 Main3
14 28 2 2 4969 Main3
177 869 2 3 5733 Main3
44 1094 2 2 6015 Main3
324 636 2 2 5620 Main3
73 680 2 2 5496 Main3
81 642 2 2 5711 Main3
138 530 2 2 5375 Main3
255 613 2 2 5599 Main3
11 95 2 2 5174 Main3
8 639 1 1 5600 Main3
244 669 2 2 5828 Main3
94 578 2 2 5425 Main3
249 1053 2 2 5889 Main3
91 280 1 1 5485 Main3
56 864 2 3 5854 Main3
52 542 2 2 5631 Main3
103 603 2 2 5778 Main3
72 44 2 2 5098 Main3
358 361 2 3 5239 Main3
220 609 1 1 5673 Main3
357 660 2 3 5692 Main3
182 1874 2 3 6964 Main3
130 661 1 1 5840 Main3
296 362 2 3 5510 Main3
88 10000 3 1 14818 Main3
193 10000 3 1 15123 Main3
87 790 2 3 5765 Main3
102 243 2 2 5065 Main3
298 6871 2 2 12061 Main3
354 963 2 2 6002 Main3
65 54 2 2 4937 Main3
6 754 1 1 5883 Main3
266 644 2 3 5546 Main3
51 623 2 2 5658 Main3
163 569 2 2 5648 Main3
135 1137 2 2 6236 Main3
123 544 2 2 5367 Main3
95 595 1 1 5511 Main3
133 455 2 2 5525 Main3
234 346 2 2 5353 Main3
281 631 2 2 5705 Main3
122 734 2 2 5903 Main3
355 53 2 2 4934 Main3
323 10000 3 1 15173 Main3
108 828 2 2 5645 Main3
208 1213 2 3 6191 Main3
277 2120 2 2 7028 Main3
149 378 2 2 5570 Main3
107 628 2 2 5705 Main3
183 635 2 3 5546 Main3
40 359 1 1 5388 Main3
23 416 2 2 5320 Main3
210 261 2 3 5136 Main3
77 333 2 2 5259 Main3
86 61 2 3 5165 Main3
13 1454 2 2 6578 Main3
75 755 2 2 5944 Main3
167 935 2 2 6123 Main3
33 191 2 3 5265 Main3
258 598 1 1 5502 Main4
340 654 1 1 5513 Main4
353 332 2 2 5254 Main4
260 1090 2 3 6213 Main4
136 338 2 3 5447 Main4
186 132 1 1 5082 Main4
245 729 1 1 5907 Main4
269 953 1 1 5878 Main4
205 325 1 1 5245 Main4
206 346 2 3 5416 Main4
325 224 2 2 5100 Main4
74 2617 2 2 7661 Main4
192 633 2 2 5678 Main4
40 521 1 1 5530 Main4
315 562 2 2 5654 Main4
276 736 1 1 5795 Main4
250 780 1 1 5739 Main4
116 5016 2 2 10193 Main4
336 1266 1 1 6109 Main4
127 409 1 1 5454 Main4
296 503 2 3 5315 Main4
106 976 2 3 6182 Main4
266 1015 2 3 6165 Main4
242 5570 2 3 10634 Main4
219 783 1 1 5655 Main4
292 271 2 2 5300 Main4
53 567 2 2 5736 Main4
345 898 2 2 5970 Main4
212 906 1 1 6038 Main4
230 540 2 3 5409 Main4
223 628 2 2 5761 Main4
249 674 1 1 5770 Main4
81 680 2 2 5656 Main4
277 420 1 1 5424 Main4
18 468 1 1 5425 Main4
80 276 2 3 5267 Main4
355 540 1 1 5742 Main4
348 294 2 2 5121 Main4
103 2905 1 1 7990 Main4
92 489 1 1 5439 Main4
327 619 2 2 5800 Main4
86 387 2 3 5468 Main4
31 656 1 1 5639 Main4
23 339 1 1 5269 Main4
256 757 2 3 5752 Main4
262 725 2 2 5914 Main4
226 509 2 3 5704 Main4
27 524 2 3 5596 Main4
90 841 2 3 5919 Main4
147 335 2 3 5166 Main4
191 172 2 2 5221 Main4
314 184 2 2 5320 Main4
170 223 2 3 5171 Main4
129 378 1 1 5566 Main4
238 318 2 3 5471 Main4
58 409 2 3 5601 Main4
97 454 1 1 5582 Main4
2 5042 2 3 10053 Main4
324 2665 2 2 7772 Main4
288 858 2 2 5693 Main4
128 710 1 1 5914 Main5
257 661 1 1 5498 Main5
291 556 2 2 5560 Main5
360 270 2 3 5256 Main5
198 306 2 2 5154 Main5
70 489 1 1 5408 Main5
310 2121 1 1 7205 Main5
26 622 2 3 5443 Main5
45 476 2 2 5656 Main5
340 816 1 1 5861 Main5
134 664 2 2 5696 Main5
24 420 2 2 5448 Main5
228 661 1 1 5715 Main5
284 191 1 1 5294 Main5
5 822 1 1 5672 Main5
11 755 2 2 5865 Main5
194 38 2 2 4931 Main5
140 394 2 3 5512 Main5
73 251 2 2 5334 Main5
336 1840 2 2 6950 Main5
51 824 2 2 5916 Main5
40 2808 2 2 7857 Main5
95 902 1 1 5722 Main5
182 118 1 1 5071 Main5
169 1147 1 1 6015 Main5
59 1622 2 2 6486 Main5
106 437 2 3 5453 Main5
223 248 2 2 5336 Main5
183 513 2 2 5685 Main5
191 403 2 2 5423 Main5
124 411 1 1 5562 Main5
72 5068 2 2 10212 Main5
53 1277 2 2 6407 Main5
338 596 1 1 5748 Main5
254 525 2 2 5423 Main5
27 298 1 1 5164 Main5
23 419 2 2 5290 Main5
174 136 2 2 5213 Main5
256 268 2 3 5154 Main5
216 2957 2 2 7832 Main5
151 3152 2 2 8173 Main5
275 1504 2 2 6459 Main5
3 526 2 3 5624 Main5
187 434 1 1 5338 Main5
91 368 1 1 5440 Main5
154 2416 1 1 7406 Main5
35 1759 1 1 6573 Main5
296 607 2 3 5723 Main5
166 944 2 2 6104 Main5
192 737 2 2 5883 Main5
318 38 2 3 5195 Main5
162 535 2 2 5725 Main5
114 563 2 2 5681 Main5
209 762 2 2 5654 Main5
179 1102 1 1 6016 Main5
322 516 2 2 5608 Main5
352 499 2 2 5481 Main5
217 1398 1 1 6464 Main5
145 450 2 2 5463 Main5
280 1548 2 2 6484 Main5
293 528 2 2 5597 Main6
52 11 2 2 5175 Main6
278 772 1 1 5734 Main6
58 1654 2 3 6750 Main6
110 529 2 3 5592 Main6
316 626 2 3 5478 Main6
41 469 2 2 5604 Main6
210 610 2 3 5577 Main6
104 738 2 2 5923 Main6
67 547 1 1 5508 Main6
319 518 2 3 5675 Main6
216 581 1 1 5788 Main6
315 633 1 1 5525 Main6
265 903 2 2 5937 Main6
230 448 2 3 5275 Main6
183 531 2 2 5544 Main6
108 194 1 1 5338 Main6
327 155 2 3 5012 Main6
317 240 1 1 5234 Main6
336 103 1 1 5021 Main6
251 517 2 2 5718 Main6
356 914 2 3 5790 Main6
100 445 1 1 5313 Main6
48 614 2 2 5524 Main6
324 214 2 2 5126 Main6
167 3727 2 3 8674 Main6
45 3809 2 3 9009 Main6
18 873 2 3 5799 Main6
128 68 1 1 4898 Main6
248 510 1 1 5368 Main6
150 655 2 3 5843 Main6
257 867 2 3 5989 Main6
146 505 2 3 5567 Main6
235 204 1 1 5073 Main6
153 381 2 2 5511 Main6
174 413 2 2 5569 Main6
81 1956 2 3 6811 Main6
126 672 1 1 5801 Main6
270 427 2 3 5607 Main6
186 486 1 1 5432 Main6
289 649 2 3 5847 Main6
93 1043 2 3 5990 Main6
6 962 2 2 5778 Main6
66 762 1 1 5737 Main6
310 535 1 1 5587 Main6
103 511 2 2 5582 Main6
355 459 2 2 5387 Main6
192 309 2 2 5365 Main6
57 241 2 3 5345 Main6
273 601 2 2 5565 Main6
187 536 2 2 5479 Main6
12 111 2 2 5198 Main6
28 41 2 3 5100 Main6
37 691 1 1 5592 Main6
264 463 2 2 5671 Main6
4 562 2 2 5420 Main6
305 670 1 1 5808 Main6
14 1864 2 2 7012 Main6
321 538 2 2 5589 Main6
330 1092 2 3 6108 Main6
