294 1723 2 2 6789 Main1
44 564 2 2 5560 Main1
62 293 1 1 5265 Main1
41 853 2 3 5898 Main1
234 490 2 2 5752 Main1
161 402 2 2 5312 Main1
255 278 2 2 5261 Main1
353 195 1 1 5404 Main1
20 443 1 1 5571 Main1
185 266 1 1 5474 Main1
46 365 2 3 5341 Main1
11 588 2 3 5778 Main1
156 268 1 1 5318 Main1
29 785 2 2 5713 Main1
164 273 2 2 5361 Main1
89 182 2 3 5109 Main1
358 268 2 3 5505 Main1
319 263 2 3 5182 Main1
91 262 1 1 5412 Main1
102 248 2 2 5480 Main1
111 327 1 1 5469 Main1
334 260 1 1 5279 Main1
51 373 2 3 5469 Main1
94 263 1 1 5226 Main1
321 289 1 1 5341 Main1
194 257 2 2 5527 Main1
113 2260 2 2 7380 Main1
141 292 1 1 5478 Main1
231 302 2 3 5427 Main1
198 248 1 1 5164 Main1
285 208 2 3 5177 Main1
27 284 1 1 5342 Main1
172 296 1 1 5307 Main1
176 351 2 3 5632 Main1
177 394 2 3 5319 Main1
145 239 2 2 5341 Main1
6 264 1 1 5182 Main1
155 290 1 1 5352 Main1
360 296 2 3 5242 Main1
254 297 2 2 5226 Main1
305 243 1 1 5232 Main1
119 103 2 3 5186 Main1
18 109 2 2 5056 Main1
226 326 2 2 5274 Main1
67 278 2 3 5229 Main1
35 272 1 1 5383 Main1
80 305 1 1 5209 Main1
135 315 1 1 5258 Main1
186 268 1 1 5482 Main1
277 294 2 2 5463 Main1
78 230 1 1 5193 Main1
260 1137 2 2 6144 Main1
139 273 2 3 5446 Main1
284 114 2 2 5063 Main1
90 170 1 1 5051 Main1
107 324 2 2 5574 Main1
249 225 1 1 5517 Main1
283 278 2 2 5310 Main1
238 259 2 3 5157 Main1
228 331 2 3 5348 Main1
179 478 2 2 5405 Main2
29 366 2 2 5564 Main2
264 320 2 2 5214 Main2
252 312 2 2 5408 Main2
326 317 2 3 5251 Main2
214 341 1 1 5310 Main2
52 349 1 1 5543 Main2
199 258 2 3 5306 Main2
330 314 1 1 5442 Main2
329 447 1 1 5438 Main2
117 328 2 3 5509 Main2
231 416 1 1 5274 Main2
173 371 2 2 5560 Main2
335 364 1 1 5617 Main2
152 360 1 1 5399 Main2
69 309 1 1 5222 Main2
360 307 1 1 5265 Main2
109 208 2 3 5118 Main2
297 610 2 3 5719 Main2
201 496 1 1 5763 Main2
21 463 2 3 5587 Main2
90 319 1 1 5593 Main2
23 194 2 2 5180 Main2
263 321 2 2 5384 Main2
92 356 1 1 5429 Main2
16 279 2 3 5242 Main2
347 296 1 1 5493 Main2
313 333 2 2 5394 Main2
170 293 2 2 5211 Main2
59 827 2 3 6090 Main2
88 326 2 3 5315 Main2
75 319 1 1 5589 Main2
166 298 2 3 5536 Main2
290 298 1 1 5187 Main2
312 355 1 1 5280 Main2
306 311 1 1 5583 Main2
337 430 1 1 5495 Main2
187 304 1 1 5320 Main2
328 280 2 3 5312 Main2
32 669 1 1 5826 Main2
243 298 1 1 5255 Main2
178 1172 2 3 6140 Main2
151 347 1 1 5640 Main2
280 532 1 1 5641 Main2
11 570 1 1 5833 Main2
24 754 2 2 5860 Main2
196 299 2 3 5201 Main2
42 330 1 1 5519 Main2
8 291 1 1 5415 Main2
193 508 2 2 5573 Main2
62 279 1 1 5308 Main2
27 303 1 1 5269 Main2
165 348 1 1 5331 Main2
163 310 2 2 5428 Main2
296 276 2 3 5182 Main2
197 687 1 1 5917 Main2
103 358 2 2 5579 Main2
2 406 2 2 5554 Main2
17 732 1 1 5843 Main2
186 281 1 1 5445 Main2
255 271 1 1 5496 Main3
343 274 1 1 5523 Main3
336 251 1 1 5293 Main3
333 289 1 1 5470 Main3
337 429 2 3 5295 Main3
39 297 1 1 5324 Main3
345 299 1 1 5429 Main3
125 306 1 1 5533 Main3
265 293 2 2 5340 Main3
310 299 1 1 5593 Main3
150 324 1 1 5352 Main3
85 287 2 2 5300 Main3
25 274 2 2 5252 Main3
30 387 2 2 5548 Main3
42 365 1 1 5270 Main3
323 332 1 1 5203 Main3
69 336 1 1 5518 Main3
56 307 2 3 5489 Main3
307 353 2 3 5501 Main3
286 434 2 3 5658 Main3
241 354 1 1 5476 Main3
5 302 1 1 5471 Main3
88 259 2 3 5204 Main3
71 411 1 1 5688 Main3
270 339 1 1 5584 Main3
43 356 1 1 5552 Main3
12 428 1 1 5663 Main3
128 296 1 1 5336 Main3
72 314 2 2 5284 Main3
254 296 1 1 5379 Main3
153 267 1 1 5367 Main3
93 256 1 1 5203 Main3
31 270 1 1 5189 Main3
152 266 2 2 5464 Main3
47 330 1 1 5410 Main3
205 412 2 2 5639 Main3
159 255 1 1 5459 Main3
3 257 1 1 5498 Main3
100 339 1 1 5548 Main3
313 436 2 3 5413 Main3
50 139 2 2 5259 Main3
19 400 2 3 5410 Main3
190 147 1 1 5353 Main3
306 321 1 1 5471 Main3
187 594 2 3 5628 Main3
113 313 2 2 5436 Main3
216 260 1 1 5273 Main3
256 490 2 3 5696 Main3
98 289 1 1 5316 Main3
78 314 1 1 5530 Main3
13 284 1 1 5573 Main3
347 351 1 1 5480 Main3
242 618 2 2 5634 Main3
257 730 1 1 5968 Main3
290 360 2 3 5306 Main3
211 326 1 1 5441 Main3
40 308 1 1 5321 Main3
234 512 1 1 5801 Main3
298 296 2 3 5319 Main3
289 139 2 3 5221 Main3
125 311 1 1 5385 Main4
215 259 1 1 5409 Main4
22 290 2 2 5445 Main4
287 342 2 3 5358 Main4
156 620 2 2 5722 Main4
352 314 2 2 5486 Main4
248 321 1 1 5588 Main4
160 357 1 1 5353 Main4
14 263 2 2 5302 Main4
323 301 1 1 5275 Main4
187 327 2 3 5399 Main4
344 352 2 2 5381 Main4
305 288 1 1 5312 Main4
186 480 1 1 5489 Main4
1 322 1 1 5568 Main4
146 405 2 3 5409 Main4
278 415 1 1 5547 Main4
189 324 1 1 5371 Main4
326 252 2 3 5395 Main4
76 878 2 2 5924 Main4
283 176 2 2 5124 Main4
318 1952 2 3 6842 Main4
136 328 2 3 5444 Main4
360 317 2 2 5531 Main4
27 267 1 1 5518 Main4
311 580 2 3 5671 Main4
266 316 2 3 5279 Main4
312 340 2 2 5392 Main4
21 274 2 3 5460 Main4
84 267 2 2 5359 Main4
4 256 1 1 5425 Main4
319 296 2 3 5226 Main4
231 392 1 1 5664 Main4
150 261 1 1 5441 Main4
223 517 1 1 5592 Main4
52 587 2 3 5706 Main4
95 268 1 1 5490 Main4
230 360 2 3 5598 Main4
117 233 1 1 5329 Main4
286 220 2 3 5213 Main4
71 399 2 3 5605 Main4
195 266 2 3 5241 Main4
30 306 1 1 5377 Main4
168 312 1 1 5273 Main4
301 481 1 1 5696 Main4
218 407 1 1 5583 Main4
131 673 2 3 5572 Main4
106 267 2 3 5439 Main4
217 380 2 3 5439 Main4
310 281 1 1 5364 Main4
359 263 2 3 5152 Main4
174 294 1 1 5528 Main4
127 579 2 3 5801 Main4
331 330 1 1 5589 Main4
317 358 2 3 5243 Main4
297 974 2 3 6098 Main4
250 273 1 1 5406 Main4
259 432 2 3 5435 Main4
300 612 2 3 5517 Main4
178 267 2 3 5292 Main4
311 218 1 1 5189 Main5
292 451 2 2 5701 Main5
160 249 1 1 5214 Main5
331 401 1 1 5558 Main5
220 282 1 1 5323 Main5
45 369 2 3 5418 Main5
350 271 2 2 5276 Main5
109 285 2 3 5471 Main5
77 399 1 1 5320 Main5
283 342 2 3 5560 Main5
169 534 2 3 5502 Main5
2 314 2 3 5439 Main5
282 314 2 3 5276 Main5
104 307 1 1 5429 Main5
217 457 1 1 5502 Main5
197 276 2 3 5516 Main5
172 635 2 2 5656 Main5
309 286 1 1 5182 Main5
3 90 1 1 5021 Main5
178 418 2 3 5683 Main5
320 330 2 3 5571 Main5
295 299 2 2 5255 Main5
201 316 2 3 5322 Main5
156 278 2 3 5260 Main5
216 345 2 3 5364 Main5
70 361 1 1 5405 Main5
150 386 2 3 5341 Main5
26 563 2 3 5634 Main5
224 240 2 2 5353 Main5
209 294 2 3 5210 Main5
302 545 2 3 5750 Main5
79 220 2 3 5391 Main5
87 361 1 1 5596 Main5
35 278 1 1 5435 Main5
300 145 1 1 5424 Main5
141 3123 2 3 8135 Main5
344 1332 2 2 6535 Main5
88 329 2 3 5543 Main5
279 312 1 1 5338 Main5
240 691 2 2 5918 Main5
271 302 1 1 5297 Main5
294 279 2 2 5333 Main5
182 257 2 2 5430 Main5
62 348 2 2 5251 Main5
120 230 2 3 5238 Main5
205 410 2 2 5547 Main5
203 303 2 2 5400 Main5
296 216 2 2 5248 Main5
247 333 2 3 5473 Main5
260 1085 1 1 5977 Main5
277 318 2 3 5410 Main5
235 351 2 2 5341 Main5
190 316 1 1 5400 Main5
189 135 1 1 5277 Main5
67 303 1 1 5345 Main5
338 305 1 1 5192 Main5
59 542 2 3 5762 Main5
147 226 2 2 5397 Main5
356 310 2 3 5260 Main5
86 532 2 3 5417 Main5
231 248 1 1 5364 Main6
332 278 2 3 5440 Main6
178 200 2 3 5399 Main6
22 397 2 2 5618 Main6
67 273 2 3 5394 Main6
313 237 2 2 5161 Main6
274 456 1 1 5727 Main6
134 301 2 2 5451 Main6
299 371 2 3 5584 Main6
149 191 2 3 5337 Main6
360 1025 2 2 6210 Main6
84 237 2 3 5426 Main6
162 315 2 3 5273 Main6
59 255 1 1 5175 Main6
154 937 1 1 6028 Main6
352 757 2 2 5977 Main6
95 331 1 1 5330 Main6
204 310 2 2 5476 Main6
125 337 1 1 5283 Main6
31 331 1 1 5485 Main6
85 298 2 2 5273 Main6
201 304 2 3 5561 Main6
248 352 1 1 5585 Main6
275 278 1 1 5293 Main6
303 322 1 1 5401 Main6
314 346 2 2 5472 Main6
175 460 2 2 5541 Main6
32 480 2 2 5457 Main6
177 316 2 2 5532 Main6
86 355 2 3 5486 Main6
257 248 2 3 5240 Main6
333 318 1 1 5465 Main6
351 299 2 3 5558 Main6
181 481 1 1 5538 Main6
227 287 2 3 5430 Main6
276 317 1 1 5602 Main6
144 321 2 2 5567 Main6
150 243 1 1 5177 Main6
264 279 2 2 5283 Main6
135 238 2 3 5246 Main6
286 174 2 3 5113 Main6
55 306 2 2 5490 Main6
344 302 2 2 5373 Main6
186 251 1 1 5485 Main6
340 275 1 1 5424 Main6
194 286 2 2 5167 Main6
184 269 1 1 5511 Main6
263 341 2 2 5367 Main6
296 406 2 3 5672 Main6
13 432 2 2 5579 Main6
68 329 1 1 5293 Main6
114 290 2 2 5540 Main6
56 300 2 3 5414 Main6
51 483 2 3 5740 Main6
10 310 1 1 5325 Main6
46 267 2 3 5294 Main6
347 330 2 3 5258 Main6
109 255 2 3 5537 Main6
285 326 2 3 5368 Main6
215 351 1 1 5393 Main6
