182 10000 3 1 15141 Main1
199 2785 1 1 8070 Main1
79 1773 2 3 6881 Main1
218 6504 1 1 11695 Main1
262 1705 1 1 7002 Main1
248 2083 2 3 7172 Main1
289 693 2 2 5691 Main1
29 2998 1 1 8188 Main1
223 825 1 1 6057 Main1
138 1159 2 2 6349 Main1
205 476 2 2 5507 Main1
345 391 2 2 5276 Main1
272 931 2 3 5803 Main1
109 440 1 1 5663 Main1
209 979 2 3 6159 Main1
147 1185 2 3 6225 Main1
18 479 1 1 5601 Main1
3 1675 2 3 6827 Main1
135 664 1 1 5772 Main1
270 149 2 3 5419 Main1
64 534 1 1 5684 Main1
184 251 1 1 5233 Main1
203 438 2 3 5661 Main1
111 384 2 2 5346 Main1
243 748 1 1 5723 Main1
115 408 2 2 5306 Main1
87 567 2 3 5807 Main1
202 674 2 2 5704 Main1
293 908 2 3 6046 Main1
291 1733 2 2 6964 Main1
204 863 2 3 6144 Main1
46 1731 2 3 6830 Main1
65 1404 1 1 6604 Main1
62 1207 2 2 6273 Main1
146 318 2 3 5404 Main1
343 423 2 3 5496 Main1
294 790 1 1 5733 Main1
180 926 2 3 5848 Main1
350 493 1 1 5365 Main1
161 831 2 3 6133 Main1
129 855 2 3 5855 Main1
344 678 2 3 5755 Main1
353 403 1 1 5648 Main1
206 271 2 3 5234 Main1
86 146 2 3 5065 Main1
117 510 2 2 5497 Main1
74 1100 2 3 6352 Main1
247 1018 2 3 6079 Main1
260 1259 1 1 6235 Main1
227 755 2 2 6012 Main1
242 2062 2 2 6993 Main1
154 1509 1 1 6778 Main1
185 415 1 1 5641 Main1
44 427 2 3 5529 Main1
40 373 1 1 5355 Main1
43 435 2 3 5505 Main1
313 363 1 1 5324 Main1
174 316 2 2 5324 Main1
349 474 1 1 5752 Main1
38 326 1 1 5428 Main1
81 355 2 3 5506 Main2
296 2479 2 3 7633 Main2
196 1366 2 3 6565 Main2
218 749 1 1 5681 Main2
175 1691 1 1 6965 Main2
35 438 1 1 5687 Main2
130 997 2 3 5935 Main2
64 1723 1 1 6681 Main2
357 2384 1 1 7600 Main2
301 697 1 1 5658 Main2
286 1070 2 3 6260 Main2
136 550 2 3 5621 Main2
182 1303 2 2 6214 Main2
102 353 2 3 5280 Main2
70 379 1 1 5302 Main2
247 661 2 2 5744 Main2
155 514 1 1 5696 Main2
118 2580 2 3 7474 Main2
283 557 1 1 5739 Main2
300 558 2 3 5537 Main2
179 626 1 1 5820 Main2
330 267 2 3 5308 Main2
97 617 2 3 5668 Main2
135 1210 2 2 6435 Main2
45 579 2 3 5604 Main2
153 693 2 2 5714 Main2
63 367 1 1 5438 Main2
18 1996 1 1 7075 Main2
94 739 1 1 5893 Main2
334 348 1 1 5630 Main2
147 1548 1 1 6686 Main2
178 529 2 3 5650 Main2
268 559 2 3 5629 Main2
273 1920 1 1 7178 Main2
137 1060 2 2 6085 Main2
48 369 1 1 5396 Main2
304 290 1 1 5560 Main2
22 431 2 2 5528 Main2
215 592 1 1 5787 Main2
47 1034 2 2 6145 Main2
235 863 2 2 5945 Main2
325 380 2 2 5334 Main2
124 1306 1 1 6462 Main2
270 251 2 3 5221 Main2
225 675 1 1 5802 Main2
50 552 2 2 5582 Main2
358 92 2 3 5146 Main2
60 293 2 3 5396 Main2
308 350 1 1 5425 Main2
134 898 1 1 6187 Main2
39 503 1 1 5444 Main2
333 870 2 3 5850 Main2
89 323 2 2 5271 Main2
276 323 1 1 5303 Main2
145 600 1 1 5570 Main2
231 1335 1 1 6644 Main2
227 563 2 2 5780 Main2
171 329 2 2 5269 Main2
274 683 1 1 5946 Main2
186 908 1 1 6132 Main2
109 400 2 2 5321 Main3
317 662 1 1 5664 Main3
336 713 1 1 5954 Main3
100 716 1 1 5915 Main3
196 52 2 3 5016 Main3
242 1484 2 3 6521 Main3
249 304 2 3 5588 Main3
95 224 1 1 5184 Main3
128 434 1 1 5315 Main3
355 441 2 2 5541 Main3
347 895 2 2 6047 Main3
75 786 2 3 5871 Main3
201 567 2 2 5847 Main3
69 327 1 1 5553 Main3
254 647 1 1 5867 Main3
223 933 2 3 6115 Main3
348 919 1 1 5905 Main3
273 452 1 1 5652 Main3
350 1406 2 2 6542 Main3
288 366 2 2 5346 Main3
127 750 2 2 5717 Main3
284 497 1 1 5567 Main3
187 662 1 1 5750 Main3
26 1240 2 3 6233 Main3
165 415 2 2 5719 Main3
255 538 2 2 5568 Main3
333 445 2 3 5354 Main3
315 384 2 2 5382 Main3
322 594 2 2 5556 Main3
342 826 2 3 5904 Main3
175 763 2 2 5668 Main3
305 617 1 1 5913 Main3
221 1367 2 3 6585 Main3
209 653 1 1 5644 Main3
318 380 2 2 5640 Main3
299 642 1 1 5861 Main3
289 541 2 2 5523 Main3
244 1096 1 1 6258 Main3
272 533 2 2 5732 Main3
260 1089 1 1 6326 Main3
241 431 1 1 5494 Main3
354 602 1 1 5573 Main3
44 826 2 3 5716 Main3
131 603 1 1 5529 Main3
47 1067 1 1 6073 Main3
309 302 1 1 5222 Main3
351 312 2 2 5354 Main3
283 387 2 3 5466 Main3
120 233 2 3 5313 Main3
45 1159 2 2 6350 Main3
166 525 2 3 5545 Main3
140 661 1 1 5786 Main3
343 360 2 3 5634 Main3
248 1647 2 2 6951 Main3
76 218 2 3 5378 Main3
229 496 2 2 5415 Main3
121 521 1 1 5632 Main3
157 2181 2 3 7341 Main3
64 846 2 2 5985 Main3
3 912 1 1 5929 Main3
197 330 2 2 5266 Main4
154 1332 1 1 6486 Main4
230 464 2 2 5586 Main4
170 464 1 1 5710 Main4
70 2235 2 2 7516 Main4
228 472 2 2 5542 Main4
87 748 1 1 5938 Main4
267 344 2 2 5627 Main4
327 406 1 1 5317 Main4
135 604 2 2 5735 Main4
314 347 2 3 5537 Main4
4 551 2 3 5439 Main4
14 1111 2 3 6131 Main4
42 727 1 1 6002 Main4
342 645 2 3 5555 Main4
174 510 2 2 5660 Main4
236 494 2 2 5544 Main4
346 212 2 3 5163 Main4
83 595 1 1 5602 Main4
347 346 2 2 5469 Main4
181 336 1 1 5516 Main4
183 384 2 3 5585 Main4
299 359 2 2 5463 Main4
65 345 1 1 5427 Main4
274 869 1 1 5789 Main4
315 390 2 2 5649 Main4
260 754 1 1 5975 Main4
44 394 2 3 5675 Main4
112 628 2 3 5900 Main4
217 2609 1 1 7789 Main4
229 415 1 1 5315 Main4
263 662 1 1 5579 Main4
306 381 2 2 5354 Main4
81 551 2 2 5472 Main4
205 572 2 2 5793 Main4
277 916 2 2 6088 Main4
250 526 2 3 5576 Main4
292 324 2 2 5270 Main4
290 644 1 1 5765 Main4
348 378 1 1 5485 Main4
275 543 1 1 5804 Main4
293 713 2 3 5979 Main4
318 587 2 2 5748 Main4
282 196 2 3 5228 Main4
49 381 1 1 5305 Main4
12 322 2 3 5441 Main4
185 263 1 1 5167 Main4
308 803 1 1 5729 Main4
101 1241 2 2 6538 Main4
110 446 2 2 5472 Main4
48 420 1 1 5580 Main4
53 994 1 1 5974 Main4
204 580 2 3 5508 Main4
253 376 1 1 5536 Main4
151 295 1 1 5532 Main4
26 153 2 3 5435 Main4
2 455 2 3 5396 Main4
233 765 1 1 5815 Main4
168 343 2 2 5578 Main4
220 1130 2 2 6225 Main4
213 529 2 3 5637 Main5
308 621 2 2 5543 Main5
42 347 2 3 5338 Main5
44 441 2 3 5418 Main5
34 613 1 1 5581 Main5
210 286 2 2 5348 Main5
316 279 2 3 5443 Main5
21 364 2 3 5508 Main5
147 985 1 1 6108 Main5
119 401 2 2 5285 Main5
9 266 2 3 5256 Main5
179 448 2 2 5520 Main5
87 746 2 3 5870 Main5
190 402 2 2 5471 Main5
340 357 2 2 5565 Main5
122 173 2 3 5143 Main5
199 327 2 2 5403 Main5
49 284 1 1 5204 Main5
98 348 1 1 5547 Main5
296 597 2 3 5863 Main5
255 429 2 2 5478 Main5
8 55 1 1 5075 Main5
208 352 2 3 5599 Main5
334 674 2 2 5595 Main5
195 323 2 2 5218 Main5
203 260 2 3 5316 Main5
3 309 2 3 5283 Main5
29 268 1 1 5518 Main5
192 829 1 1 6059 Main5
281 608 2 2 5842 Main5
88 124 2 3 5117 Main5
202 543 2 2 5623 Main5
291 1538 2 2 6478 Main5
68 398 1 1 5374 Main5
214 573 2 3 5564 Main5
100 916 1 1 5890 Main5
232 593 2 2 5512 Main5
101 668 2 2 5633 Main5
181 512 1 1 5622 Main5
123 859 2 3 5989 Main5
109 519 1 1 5745 Main5
35 403 1 1 5535 Main5
243 904 2 2 5814 Main5
102 527 1 1 5460 Main5
318 455 2 2 5473 Main5
252 287 2 3 5496 Main5
72 370 2 3 5610 Main5
155 397 1 1 5378 Main5
330 3054 2 3 8265 Main5
153 412 1 1 5461 Main5
2 343 2 3 5405 Main5
136 281 2 3 5359 Main5
130 226 2 3 5368 Main5
20 601 2 2 5670 Main5
163 602 2 3 5774 Main5
294 304 1 1 5526 Main5
95 243 1 1 5464 Main5
328 136 2 3 5424 Main5
212 1610 2 2 6595 Main5
196 283 2 3 5183 Main5
49 273 1 1 5315 Main6
263 412 2 3 5574 Main6
79 388 2 2 5630 Main6
91 914 1 1 6048 Main6
202 1344 1 1 6360 Main6
274 108 1 1 5028 Main6
189 628 1 1 5865 Main6
141 358 2 3 5259 Main6
45 420 2 2 5331 Main6
34 680 1 1 5696 Main6
186 934 2 3 5926 Main6
167 667 1 1 5895 Main6
81 1929 2 2 7227 Main6
251 553 2 3 5513 Main6
269 310 2 2 5522 Main6
268 517 2 3 5506 Main6
175 315 2 2 5402 Main6
223 401 2 3 5449 Main6
215 538 1 1 5488 Main6
29 647 1 1 5705 Main6
88 516 2 3 5799 Main6
213 511 2 3 5449 Main6
278 458 1 1 5409 Main6
342 446 2 3 5605 Main6
26 312 2 3 5292 Main6
63 554 2 3 5497 Main6
46 376 2 3 5537 Main6
249 337 2 3 5642 Main6
195 391 2 2 5706 Main6
169 403 1 1 5443 Main6
190 498 2 2 5511 Main6
179 297 2 2 5429 Main6
356 370 2 3 5386 Main6
83 824 2 3 5733 Main6
174 416 2 2 5700 Main6
142 455 2 2 5413 Main6
185 413 1 1 5362 Main6
209 804 2 2 5716 Main6
347 335 2 2 5589 Main6
216 313 2 3 5293 Main6
203 408 1 1 5652 Main6
117 425 2 3 5593 Main6
324 845 2 3 6103 Main6
304 1083 2 3 6015 Main6
57 178 1 1 5139 Main6
125 253 1 1 5286 Main6
90 12 2 3 5002 Main6
176 286 2 3 5377 Main6
147 2599 2 2 7662 Main6
205 458 2 2 5535 Main6
303 285 2 3 5215 Main6
27 1296 2 3 6318 Main6
1 402 1 1 5563 Main6
155 427 1 1 5363 Main6
307 357 2 2 5372 Main6
116 273 2 3 5195 Main6
114 867 1 1 5989 Main6
132 189 2 3 5299 Main6
300 275 2 2 5253 Main6
191 1718 2 2 6720 Main6
