250 1145 1 1 6090 Main1
330 1846 2 3 7011 Main1
272 1463 2 3 6528 Main1
140 2427 2 3 7397 Main1
350 1106 2 3 6109 Main1
227 725 2 2 5937 Main1
32 393 1 1 5478 Main1
148 532 2 2 5567 Main1
136 571 2 3 5514 Main1
130 660 2 3 5605 Main1
168 336 2 2 5490 Main1
113 768 2 3 5950 Main1
293 628 2 2 5753 Main1
128 519 1 1 5579 Main1
82 506 2 2 5326 Main1
215 434 2 2 5284 Main1
26 348 2 3 5218 Main1
353 438 2 3 5303 Main1
160 636 2 3 5667 Main1
274 417 1 1 5510 Main1
74 341 2 2 5166 Main1
212 400 2 3 5255 Main1
164 573 2 2 5780 Main1
24 537 2 2 5439 Main1
7 522 2 3 5526 Main1
110 462 2 3 5471 Main1
356 402 2 3 5267 Main1
86 451 2 3 5486 Main1
138 1258 2 3 6404 Main1
284 1151 2 3 6235 Main1
269 695 2 2 5572 Main1
73 632 2 2 5507 Main1
345 498 1 1 5616 Main1
264 485 2 3 5675 Main1
98 563 2 2 5555 Main1
258 746 2 2 5785 Main1
120 249 2 3 5269 Main1
294 392 2 3 5473 Main1
323 370 2 3 5318 Main1
190 69 2 3 5185 Main1
122 429 2 3 5300 Main1
152 481 2 3 5573 Main1
219 790 1 1 5838 Main1
207 849 2 2 5889 Main1
48 519 2 2 5614 Main1
233 10000 3 1 14880 Main1
131 594 2 2 5803 Main1
51 377 2 2 5335 Main1
125 241 1 1 5170 Main1
329 359 2 3 5327 Main1
220 501 2 3 5320 Main1
50 1121 2 3 6326 Main1
19 1040 2 3 6043 Main1
105 654 2 2 5803 Main1
189 345 1 1 5515 Main1
178 270 2 3 5213 Main1
52 585 2 2 5714 Main1
38 455 1 1 5569 Main1
234 395 2 3 5235 Main1
314 438 2 3 5495 Main1
129 373 1 1 5232 Main2
292 233 2 2 5201 Main2
252 285 2 2 5240 Main2
210 618 2 3 5748 Main2
53 510 2 3 5464 Main2
174 73 2 2 4906 Main2
350 151 2 3 4970 Main2
116 84 2 3 5066 Main2
104 326 2 3 5491 Main2
317 338 1 1 5198 Main2
2 294 2 3 5417 Main2
229 73 2 2 4945 Main2
80 318 1 1 5374 Main2
323 40 2 3 4986 Main2
303 172 1 1 5161 Main2
339 346 2 2 5181 Main2
264 278 2 3 5150 Main2
321 457 2 3 5456 Main2
179 14 2 3 4925 Main2
125 231 2 2 5232 Main2
31 268 2 3 5176 Main2
47 202 2 3 5332 Main2
305 135 2 3 5065 Main2
213 188 1 1 5395 Main2
30 251 2 3 5389 Main2
26 10000 3 1 14856 Main2
301 249 2 2 5202 Main2
295 873 1 1 6067 Main2
18 150 2 2 5025 Main2
61 295 2 3 5457 Main2
67 279 2 2 5202 Main2
324 143 2 3 5268 Main2
277 344 2 3 5414 Main2
306 353 2 2 5486 Main2
239 190 2 3 5356 Main2
247 314 1 1 5320 Main2
25 331 2 3 5314 Main2
122 970 2 3 5922 Main2
266 654 2 2 5638 Main2
153 569 1 1 5399 Main2
270 196 2 3 5355 Main2
113 132 2 3 5076 Main2
351 278 2 2 5168 Main2
59 165 2 3 5348 Main2
157 210 2 3 5351 Main2
45 359 2 2 5262 Main2
353 343 2 2 5487 Main2
128 525 2 3 5629 Main2
13 545 2 3 5703 Main2
242 535 2 3 5435 Main2
96 1021 2 3 5883 Main2
280 79 2 3 5196 Main2
6 116 2 3 5083 Main2
246 5781 2 2 10920 Main2
300 259 2 3 5249 Main2
354 724 2 3 5547 Main2
262 341 2 2 5442 Main2
220 413 2 2 5356 Main2
259 465 2 2 5515 Main2
346 274 2 3 5116 Main2
257 123 2 3 5145 Main3
146 1917 2 3 6880 Main3
126 620 2 3 5733 Main3
273 436 1 1 5484 Main3
161 702 2 3 5804 Main3
338 776 2 3 5623 Main3
68 485 2 2 5681 Main3
21 483 1 1 5342 Main3
213 611 1 1 5618 Main3
174 494 2 2 5519 Main3
307 587 1 1 5765 Main3
222 366 2 3 5539 Main3
301 520 2 3 5663 Main3
359 390 2 3 5221 Main3
245 434 2 3 5293 Main3
16 229 2 3 5269 Main3
350 470 2 2 5423 Main3
265 388 1 1 5275 Main3
45 356 2 2 5557 Main3
162 481 1 1 5659 Main3
247 418 2 3 5359 Main3
175 517 2 3 5729 Main3
200 455 2 2 5629 Main3
40 285 2 3 5204 Main3
18 193 2 2 5222 Main3
26 165 2 3 5247 Main3
183 933 1 1 5808 Main3
57 480 2 2 5656 Main3
10 825 2 2 5752 Main3
80 461 2 2 5304 Main3
296 258 2 3 5144 Main3
58 409 2 3 5396 Main3
23 142 1 1 5207 Main3
214 381 1 1 5469 Main3
357 286 2 3 5133 Main3
281 268 2 2 5477 Main3
125 432 2 3 5521 Main3
320 752 2 2 5706 Main3
240 1143 2 2 6277 Main3
32 336 2 3 5231 Main3
263 274 1 1 5467 Main3
43 285 2 3 5483 Main3
277 324 2 2 5398 Main3
251 402 2 3 5432 Main3
11 417 2 2 5504 Main3
346 363 2 3 5260 Main3
255 368 2 2 5197 Main3
187 1842 2 3 6948 Main3
181 1651 2 2 6743 Main3
129 280 1 1 5306 Main3
28 426 2 3 5298 Main3
186 287 2 3 5158 Main3
17 598 2 3 5527 Main3
349 256 2 2 5296 Main3
290 80 2 2 4977 Main3
337 187 2 3 5112 Main3
156 247 2 3 5241 Main3
270 254 2 2 5393 Main3
98 299 2 3 5242 Main3
220 277 2 3 5437 Main3
268 120 2 2 5247 Main4
72 289 2 3 5344 Main4
67 512 2 3 5654 Main4
37 574 2 2 5572 Main4
57 345 2 3 5173 Main4
309 521 1 1 5352 Main4
300 414 2 3 5527 Main4
171 374 2 2 5392 Main4
342 427 2 2 5513 Main4
47 328 2 3 5405 Main4
259 373 2 2 5198 Main4
162 352 1 1 5285 Main4
158 244 2 3 5331 Main4
94 217 1 1 5090 Main4
283 589 2 2 5755 Main4
221 581 2 2 5700 Main4
172 324 1 1 5484 Main4
55 593 2 3 5800 Main4
89 355 2 3 5188 Main4
116 224 2 3 5428 Main4
161 1457 2 2 6549 Main4
205 588 2 3 5760 Main4
80 157 2 2 5032 Main4
32 378 2 2 5532 Main4
71 338 2 2 5194 Main4
261 417 2 3 5286 Main4
114 414 2 3 5542 Main4
146 348 2 3 5181 Main4
190 570 2 3 5614 Main4
19 300 2 3 5114 Main4
92 366 2 3 5513 Main4
271 455 2 3 5645 Main4
208 355 2 3 5293 Main4
356 222 2 3 5065 Main4
222 375 1 1 5384 Main4
20 202 2 2 5395 Main4
5 518 2 3 5561 Main4
87 466 2 3 5591 Main4
340 605 2 3 5657 Main4
232 276 2 2 5245 Main4
197 625 2 3 5750 Main4
73 508 2 3 5474 Main4
206 303 2 3 5301 Main4
40 380 2 3 5431 Main4
83 412 1 1 5531 Main4
341 214 2 2 5323 Main4
251 367 2 2 5344 Main4
58 587 2 3 5490 Main4
219 446 2 2 5593 Main4
336 475 1 1 5516 Main4
125 1021 2 3 6200 Main4
244 581 1 1 5422 Main4
105 620 2 3 5539 Main4
290 439 2 2 5469 Main4
263 466 2 3 5368 Main4
180 538 2 2 5695 Main4
313 345 2 3 5462 Main4
269 193 2 3 5109 Main4
241 541 2 3 5353 Main4
335 556 2 2 5600 Main4
334 415 1 1 5555 Main5
215 584 2 3 5472 Main5
348 55 2 2 5076 Main5
331 625 2 3 5609 Main5
14 434 2 3 5599 Main5
42 505 1 1 5412 Main5
34 396 1 1 5345 Main5
308 356 2 2 5389 Main5
101 482 2 3 5489 Main5
79 654 2 3 5629 Main5
318 665 2 2 5532 Main5
69 808 2 3 6013 Main5
240 522 2 3 5404 Main5
277 427 2 3 5363 Main5
299 246 2 3 5272 Main5
183 404 1 1 5281 Main5
137 282 2 3 5174 Main5
121 562 2 3 5708 Main5
233 467 2 2 5597 Main5
35 462 2 3 5662 Main5
97 701 2 3 5743 Main5
186 319 2 2 5419 Main5
74 362 2 3 5470 Main5
86 537 2 3 5748 Main5
75 498 2 3 5332 Main5
73 695 2 3 5717 Main5
172 585 2 3 5795 Main5
151 399 1 1 5383 Main5
25 378 2 3 5338 Main5
56 580 2 3 5627 Main5
144 343 2 3 5249 Main5
115 378 2 3 5495 Main5
155 441 2 3 5346 Main5
245 293 2 3 5285 Main5
217 318 2 2 5399 Main5
360 278 2 3 5237 Main5
264 313 2 3 5245 Main5
19 199 2 2 5143 Main5
41 549 2 2 5454 Main5
150 395 1 1 5599 Main5
98 317 2 3 5223 Main5
138 400 2 2 5363 Main5
46 140 2 3 5081 Main5
164 584 1 1 5517 Main5
279 228 2 3 5389 Main5
156 351 2 3 5431 Main5
16 262 2 3 5369 Main5
355 522 1 1 5671 Main5
211 194 2 3 5340 Main5
135 345 2 3 5288 Main5
149 343 2 3 5445 Main5
203 186 1 1 5083 Main5
205 221 1 1 5234 Main5
260 164 1 1 5035 Main5
305 291 2 3 5339 Main5
95 173 2 3 5084 Main5
24 312 1 1 5197 Main5
136 286 2 3 5292 Main5
343 205 1 1 5287 Main5
266 188 2 3 5295 Main5
280 85 2 3 5144 Main6
170 285 2 2 5113 Main6
260 308 2 2 5395 Main6
290 267 2 2 5078 Main6
232 322 2 2 5300 Main6
1 354 2 3 5323 Main6
136 529 2 3 5580 Main6
133 188 2 3 5121 Main6
38 216 2 2 5361 Main6
92 435 2 2 5426 Main6
220 193 2 3 5207 Main6
36 271 2 2 5465 Main6
302 251 2 3 5348 Main6
182 150 2 2 5044 Main6
269 377 2 3 5371 Main6
25 356 2 3 5287 Main6
228 583 1 1 5396 Main6
173 625 1 1 5712 Main6
22 459 2 3 5423 Main6
244 419 1 1 5589 Main6
81 387 1 1 5545 Main6
235 240 2 3 5289 Main6
241 293 2 3 5291 Main6
149 142 2 3 5298 Main6
84 185 1 1 5346 Main6
128 338 2 3 5461 Main6
215 68 2 3 4923 Main6
327 167 2 3 5262 Main6
85 801 1 1 5973 Main6
253 187 2 2 5345 Main6
338 282 2 3 5322 Main6
145 521 2 3 5600 Main6
97 1071 2 3 6096 Main6
251 1054 2 2 6156 Main6
297 62 2 2 4946 Main6
91 228 2 3 5098 Main6
266 26 2 3 5207 Main6
320 172 2 2 5275 Main6
185 6602 2 3 11491 Main6
298 4599 2 3 9702 Main6
186 188 2 3 5371 Main6
271 411 2 3 5505 Main6
76 247 2 3 5439 Main6
294 697 2 3 5788 Main6
261 866 2 2 6048 Main6
210 269 1 1 5161 Main6
51 451 1 1 5361 Main6
13 226 2 3 5306 Main6
155 36 2 2 5116 Main6
33 4884 2 2 10084 Main6
237 104 2 3 5215 Main6
49 153 2 2 5033 Main6
10 487 2 2 5435 Main6
171 106 2 2 5076 Main6
274 304 1 1 5258 Main6
88 64 2 3 4974 Main6
8 1874 2 3 6984 Main6
50 370 2 2 5368 Main6
137 3409 2 3 8443 Main6
168 114 2 3 4950 Main6
