33 6781 1 1 11826 Main1
187 1737 2 3 6584 Main1
19 1741 2 2 6934 Main1
106 574 2 3 5676 Main1
314 1335 2 2 6562 Main1
323 1570 2 2 6580 Main1
288 1451 2 3 6439 Main1
282 1387 2 2 6395 Main1
359 525 2 3 5388 Main1
95 750 1 1 5907 Main1
283 1011 2 2 6148 Main1
176 773 2 3 5672 Main1
289 1001 2 3 5873 Main1
263 2238 1 1 7398 Main1
220 1246 1 1 6426 Main1
46 764 2 3 5996 Main1
125 1058 2 3 6166 Main1
171 2180 2 2 7140 Main1
298 1177 2 3 6145 Main1
292 692 2 2 5890 Main1
350 2079 2 3 7155 Main1
135 1774 2 3 6830 Main1
64 896 1 1 6008 Main1
303 2169 1 1 7228 Main1
192 2280 2 2 7530 Main1
9 919 1 1 6089 Main1
269 669 2 3 5899 Main1
58 4760 1 1 9763 Main1
126 1414 2 3 6279 Main1
108 1477 2 3 6652 Main1
240 563 2 3 5583 Main1
342 932 2 2 5802 Main1
312 1588 2 2 6568 Main1
13 1594 2 3 6480 Main1
332 517 1 1 5672 Main1
334 432 1 1 5290 Main1
304 720 1 1 5918 Main1
221 1227 1 1 6444 Main1
31 853 1 1 5977 Main1
208 690 2 3 5584 Main1
349 1000 2 3 6140 Main1
145 3623 1 1 8495 Main1
271 2410 2 3 7497 Main1
198 577 2 3 5631 Main1
119 389 2 3 5478 Main1
39 1179 1 1 6047 Main1
294 479 2 2 5387 Main1
127 1982 1 1 6897 Main1
247 1182 2 2 6232 Main1
94 1032 1 1 6116 Main1
143 845 2 3 5749 Main1
306 528 1 1 5607 Main1
57 730 2 3 5932 Main1
71 779 2 2 5988 Main1
73 1148 2 2 6021 Main1
78 824 2 3 5802 Main1
50 557 2 3 5646 Main1
357 465 2 3 5684 Main1
355 783 2 2 5937 Main1
180 803 2 3 5918 Main1
61 585 1 1 5549 Main2
320 941 2 3 5983 Main2
305 3288 2 3 8350 Main2
186 1690 2 2 6556 Main2
358 707 2 3 5561 Main2
155 919 2 2 5784 Main2
330 3276 2 3 8308 Main2
62 1203 2 3 6309 Main2
282 3797 2 2 8867 Main2
159 1308 2 2 6166 Main2
166 939 2 3 6023 Main2
141 1191 1 1 6339 Main2
33 1229 2 2 6430 Main2
247 989 1 1 6127 Main2
318 3612 2 3 8651 Main2
90 2026 2 3 7288 Main2
293 935 2 2 5978 Main2
86 837 2 3 5856 Main2
313 955 2 2 6125 Main2
299 1215 2 3 6471 Main2
195 361 2 2 5597 Main2
216 1437 1 1 6309 Main2
229 384 2 3 5287 Main2
226 644 2 3 5885 Main2
15 824 2 2 5819 Main2
302 510 1 1 5466 Main2
286 429 2 3 5569 Main2
17 340 2 3 5533 Main2
16 3373 2 3 8315 Main2
36 734 1 1 5817 Main2
181 516 1 1 5432 Main2
322 363 2 2 5462 Main2
319 536 2 3 5551 Main2
294 746 2 2 5923 Main2
64 608 1 1 5834 Main2
69 1202 2 2 6076 Main2
184 694 1 1 5797 Main2
4 1511 1 1 6579 Main2
157 740 1 1 5640 Main2
128 576 1 1 5667 Main2
9 666 2 3 5796 Main2
98 531 1 1 5574 Main2
78 577 2 3 5558 Main2
52 803 2 2 5950 Main2
88 337 2 3 5499 Main2
178 578 2 3 5699 Main2
271 960 1 1 5965 Main2
161 1187 2 2 6392 Main2
312 829 2 2 6062 Main2
21 1001 1 1 5956 Main2
340 351 1 1 5304 Main2
255 706 2 2 5583 Main2
34 992 2 3 5925 Main2
77 865 2 3 6093 Main2
198 523 2 3 5610 Main2
296 1361 2 3 6402 Main2
42 982 2 2 6230 Main2
257 477 2 3 5394 Main2
343 1889 1 1 6894 Main2
80 476 2 3 5496 Main2
15 3355 2 2 8517 Main3
142 594 2 2 5817 Main3
254 643 2 2 5814 Main3
51 740 2 2 5860 Main3
291 646 2 2 5711 Main3
4 667 1 1 5708 Main3
96 597 1 1 5742 Main3
357 443 2 3 5394 Main3
351 649 2 2 5631 Main3
68 663 1 1 5682 Main3
186 538 2 3 5466 Main3
16 477 2 3 5407 Main3
29 451 2 3 5472 Main3
147 478 2 3 5644 Main3
108 868 2 3 6131 Main3
299 559 2 3 5619 Main3
32 1118 1 1 5988 Main3
309 731 1 1 5561 Main3
319 729 2 3 5878 Main3
109 1152 2 3 6178 Main3
241 637 1 1 5595 Main3
322 636 2 2 5515 Main3
327 351 2 3 5324 Main3
360 526 2 3 5746 Main3
10 1407 2 2 6446 Main3
342 492 2 2 5547 Main3
104 379 2 2 5503 Main3
79 326 2 3 5421 Main3
148 315 2 3 5285 Main3
275 416 1 1 5478 Main3
26 597 2 3 5744 Main3
338 790 1 1 5932 Main3
37 911 1 1 5913 Main3
59 593 2 3 5490 Main3
189 423 1 1 5344 Main3
289 660 2 3 5813 Main3
328 280 2 3 5249 Main3
38 816 2 3 5978 Main3
305 272 1 1 5246 Main3
252 464 2 3 5644 Main3
348 580 2 3 5645 Main3
195 453 2 2 5399 Main3
172 280 2 2 5401 Main3
217 596 1 1 5461 Main3
66 560 1 1 5407 Main3
181 451 1 1 5705 Main3
8 375 1 1 5446 Main3
178 618 2 3 5793 Main3
238 291 2 2 5462 Main3
119 538 2 3 5732 Main3
224 1059 1 1 6245 Main3
336 163 2 3 5200 Main3
151 323 2 3 5501 Main3
220 321 2 3 5551 Main3
190 338 1 1 5232 Main3
77 426 2 2 5430 Main3
359 334 2 2 5244 Main3
341 439 2 3 5349 Main3
93 500 1 1 5504 Main3
257 305 2 3 5400 Main3
197 1319 2 3 6458 Main4
276 608 1 1 5822 Main4
16 600 2 2 5597 Main4
222 838 2 2 6052 Main4
35 469 1 1 5380 Main4
18 652 2 3 5824 Main4
73 545 2 2 5489 Main4
41 688 2 3 5602 Main4
88 851 2 3 5980 Main4
322 1074 2 2 6018 Main4
42 1466 2 3 6655 Main4
147 531 1 1 5489 Main4
252 1081 2 2 5946 Main4
12 1243 2 3 6100 Main4
54 1214 2 3 6357 Main4
94 581 1 1 5571 Main4
112 606 2 2 5773 Main4
43 743 2 2 5596 Main4
357 1048 2 3 6116 Main4
141 1564 2 3 6766 Main4
149 293 2 3 5408 Main4
170 519 2 3 5570 Main4
242 417 2 3 5563 Main4
238 388 2 3 5602 Main4
184 726 1 1 5854 Main4
104 808 2 3 5800 Main4
187 418 1 1 5525 Main4
150 398 2 3 5587 Main4
1 874 2 3 5752 Main4
359 370 2 3 5307 Main4
294 439 2 2 5400 Main4
194 906 2 3 6029 Main4
284 1465 2 3 6416 Main4
215 550 1 1 5465 Main4
153 863 2 3 5924 Main4
49 442 2 3 5480 Main4
206 298 2 3 5450 Main4
259 604 2 3 5704 Main4
227 657 2 3 5532 Main4
179 768 2 3 6002 Main4
151 850 2 2 5735 Main4
142 494 2 2 5552 Main4
220 714 2 3 5752 Main4
87 485 2 3 5676 Main4
260 444 2 3 5546 Main4
152 1391 2 2 6505 Main4
205 331 2 3 5384 Main4
23 406 2 2 5294 Main4
196 507 2 3 5528 Main4
136 519 2 3 5386 Main4
14 480 2 2 5407 Main4
182 599 1 1 5695 Main4
146 502 2 3 5696 Main4
277 1436 1 1 6543 Main4
223 581 2 2 5789 Main4
46 57 2 3 5113 Main4
231 2699 2 2 7849 Main4
312 1382 1 1 6418 Main4
127 2449 2 2 7541 Main4
158 656 2 3 5649 Main4
179 514 2 3 5628 Main5
65 627 1 1 5566 Main5
186 802 1 1 5838 Main5
185 520 1 1 5596 Main5
32 308 2 3 5530 Main5
199 464 2 3 5522 Main5
144 357 1 1 5243 Main5
161 1132 1 1 5987 Main5
62 510 1 1 5611 Main5
295 763 2 2 5727 Main5
312 1040 2 3 5966 Main5
244 474 1 1 5516 Main5
209 624 2 3 5757 Main5
268 504 2 3 5546 Main5
272 480 2 3 5418 Main5
287 1536 2 3 6434 Main5
358 267 2 3 5140 Main5
255 421 2 2 5582 Main5
257 3259 2 3 8443 Main5
204 777 2 2 5826 Main5
265 710 1 1 5743 Main5
232 1399 2 2 6332 Main5
198 1042 2 3 5971 Main5
122 1104 1 1 6056 Main5
270 725 2 3 5840 Main5
48 1022 2 3 6104 Main5
340 763 1 1 5954 Main5
239 371 2 3 5565 Main5
156 1366 1 1 6611 Main5
28 404 2 3 5580 Main5
301 839 1 1 5787 Main5
221 724 2 2 5735 Main5
2 699 2 3 5763 Main5
34 621 1 1 5732 Main5
328 1336 2 3 6246 Main5
212 573 1 1 5831 Main5
25 277 2 2 5467 Main5
259 749 2 3 5660 Main5
193 408 2 2 5573 Main5
178 864 2 3 5929 Main5
217 846 1 1 5895 Main5
336 559 2 2 5443 Main5
310 1442 2 3 6650 Main5
175 534 2 2 5511 Main5
131 600 2 3 5670 Main5
146 394 2 3 5629 Main5
220 980 1 1 5848 Main5
354 466 2 2 5702 Main5
273 1109 2 2 6098 Main5
141 457 2 2 5503 Main5
27 593 2 3 5596 Main5
304 1406 1 1 6358 Main5
275 876 1 1 5947 Main5
24 706 2 2 5619 Main5
290 664 2 3 5658 Main5
111 1215 2 2 6351 Main5
320 760 2 3 5952 Main5
76 865 2 3 5991 Main5
115 561 2 2 5501 Main5
149 935 2 3 5947 Main5
327 348 2 3 5347 Main6
313 406 2 2 5377 Main6
145 428 2 2 5610 Main6
333 318 1 1 5232 Main6
161 613 2 2 5846 Main6
142 937 2 3 5896 Main6
103 2003 2 3 7076 Main6
65 1564 1 1 6778 Main6
43 566 2 2 5572 Main6
160 271 1 1 5135 Main6
216 927 2 3 5872 Main6
201 675 2 2 5798 Main6
353 466 2 2 5674 Main6
86 417 2 3 5441 Main6
279 448 1 1 5381 Main6
110 753 2 3 5896 Main6
202 528 2 2 5459 Main6
119 462 2 3 5516 Main6
338 371 2 3 5465 Main6
319 420 2 3 5352 Main6
99 341 1 1 5293 Main6
151 329 1 1 5466 Main6
250 372 2 3 5325 Main6
104 601 2 2 5623 Main6
123 470 2 3 5478 Main6
120 287 2 3 5477 Main6
263 578 2 2 5599 Main6
352 730 2 3 5782 Main6
192 791 2 2 6037 Main6
133 625 2 2 5614 Main6
129 651 1 1 5597 Main6
348 356 2 3 5440 Main6
209 30 2 3 5174 Main6
311 414 1 1 5333 Main6
198 348 2 3 5407 Main6
255 121 2 2 5313 Main6
169 410 2 3 5355 Main6
303 1057 1 1 6264 Main6
194 1092 2 2 6317 Main6
102 777 1 1 5943 Main6
309 707 1 1 5761 Main6
234 757 2 2 5987 Main6
30 504 2 3 5701 Main6
282 711 2 2 5719 Main6
27 473 2 3 5723 Main6
228 996 2 3 6027 Main6
77 396 2 3 5326 Main6
252 1290 1 1 6426 Main6
125 828 2 3 6045 Main6
249 749 1 1 5771 Main6
148 65 2 3 5082 Main6
285 714 2 2 5958 Main6
174 925 2 2 5839 Main6
171 2761 2 3 7790 Main6
57 1165 2 3 6311 Main6
276 1056 2 2 6035 Main6
331 925 1 1 5796 Main6
257 1203 2 3 6102 Main6
197 871 2 3 6106 Main6
100 1406 1 1 6625 Main6
