140 10000 3 1 15124 Main1
77 10000 3 1 15184 Main1
138 10000 3 1 14946 Main1
284 7016 1 1 11954 Main1
59 10000 3 1 15195 Main1
189 10000 3 1 14942 Main1
142 10000 3 1 17178 Main1
255 10000 3 1 16002 Main1
149 10000 3 1 14811 Main1
261 10000 3 1 15033 Main1
2 10000 3 1 28896 Main1
229 10000 3 1 15196 Main1
293 10000 3 1 16976 Main1
325 619 1 1 9742 Main1
136 10000 3 1 15069 Main1
83 746 2 3 5901 Main1
285 807 2 2 5712 Main1
71 507 1 1 5476 Main1
281 248 1 1 5330 Main1
335 265 2 2 5329 Main1
147 10000 3 1 15129 Main1
288 782 2 3 5741 Main1
57 606 2 2 5769 Main1
168 500 2 3 5409 Main1
226 1196 2 2 6062 Main1
238 1463 1 1 6477 Main1
133 777 2 3 5859 Main1
344 525 2 3 5724 Main1
42 623 2 2 5792 Main1
330 1289 2 3 6196 Main1
114 712 1 1 5623 Main1
5 250 2 2 5060 Main1
45 809 2 2 5780 Main1
111 468 1 1 5645 Main1
141 635 2 3 5779 Main1
350 3975 2 2 8873 Main1
215 241 2 3 5319 Main1
143 506 2 3 5599 Main1
227 2279 2 3 7963 Main1
332 470 2 3 5487 Main1
62 546 2 3 5590 Main1
108 562 2 2 5612 Main1
318 533 2 2 5611 Main1
300 404 1 1 5229 Main1
347 244 2 2 5364 Main1
323 690 2 2 5543 Main1
20 559 1 1 5723 Main1
186 167 2 2 5217 Main1
93 5295 2 3 10224 Main1
257 923 1 1 5768 Main1
37 992 2 3 5889 Main1
327 353 1 1 5201 Main1
311 452 2 2 5413 Main1
247 321 2 3 5412 Main1
127 1048 2 3 6209 Main1
253 965 2 2 6097 Main1
152 4576 2 3 9697 Main1
80 1178 1 1 6254 Main1
331 630 2 3 5600 Main1
94 632 2 2 5442 Main1
167 989 2 2 6020 Main2
194 710 2 2 5859 Main2
248 525 2 2 5398 Main2
177 499 2 2 5644 Main2
59 523 2 2 5590 Main2
288 417 2 3 5542 Main2
227 482 2 3 5475 Main2
250 2845 2 3 7861 Main2
80 533 1 1 5555 Main2
321 564 2 2 5645 Main2
333 633 2 2 5488 Main2
213 532 2 2 5375 Main2
41 406 2 3 5341 Main2
178 6834 2 3 11980 Main2
38 490 2 3 5478 Main2
110 717 1 1 5678 Main2
44 602 2 2 5769 Main2
233 757 2 2 5657 Main2
87 599 2 2 5612 Main2
66 737 2 2 5904 Main2
236 3726 2 3 8626 Main2
239 1655 2 2 6489 Main2
26 367 2 2 5206 Main2
358 1439 1 1 6500 Main2
133 651 2 3 5657 Main2
207 462 2 2 5577 Main2
51 1118 2 3 6028 Main2
164 3058 2 3 8075 Main2
15 1176 2 3 6017 Main2
208 474 2 3 5320 Main2
330 1686 2 3 6567 Main2
115 910 2 3 5792 Main2
285 411 2 3 5510 Main2
310 418 2 3 5556 Main2
171 616 2 3 5566 Main2
336 465 2 2 5566 Main2
125 453 2 3 5645 Main2
260 440 2 3 5578 Main2
122 163 2 3 5273 Main2
24 124 2 2 5004 Main2
120 1106 1 1 5949 Main2
106 670 1 1 5679 Main2
242 522 2 3 5408 Main2
85 1180 2 3 6108 Main2
1 955 2 2 5960 Main2
65 522 1 1 5622 Main2
172 600 2 2 5780 Main2
75 534 2 2 5374 Main2
290 437 2 2 5353 Main2
297 705 2 3 5892 Main2
243 486 2 3 5398 Main2
241 819 2 3 5836 Main2
339 3541 2 3 8458 Main2
72 453 1 1 5500 Main2
249 762 1 1 5893 Main2
48 1025 1 1 6174 Main2
334 376 2 2 5555 Main2
93 497 2 3 5679 Main2
19 843 2 3 6049 Main2
127 1635 2 2 6635 Main2
10 455 2 3 5266 Main3
116 219 1 1 5319 Main3
271 609 2 2 5691 Main3
153 343 2 3 5533 Main3
94 711 2 2 5758 Main3
207 714 2 2 5802 Main3
83 428 2 2 5522 Main3
53 764 1 1 5927 Main3
42 190 1 1 5026 Main3
330 569 2 2 5510 Main3
38 635 2 3 5701 Main3
173 505 2 2 5623 Main3
213 1693 2 2 6679 Main3
240 656 2 2 5713 Main3
77 714 2 3 5690 Main3
192 1225 2 3 6050 Main3
67 459 2 2 5556 Main3
187 887 2 2 5780 Main3
149 1220 2 3 6140 Main3
349 994 2 2 5858 Main3
253 314 2 2 5364 Main3
24 416 2 3 5623 Main3
241 1326 2 3 6240 Main3
135 220 1 1 5296 Main3
262 473 2 2 5453 Main3
200 463 2 3 5387 Main3
308 59 2 3 5150 Main3
111 811 2 2 5973 Main3
134 778 2 3 5903 Main3
350 9 2 2 5094 Main3
301 530 2 3 5407 Main3
306 667 2 3 5523 Main3
259 1567 2 3 6658 Main3
129 1696 2 2 6601 Main3
41 419 2 3 5589 Main3
166 668 2 2 5556 Main3
133 585 2 2 5724 Main3
316 569 2 2 5768 Main3
115 527 2 3 5398 Main3
97 591 2 3 5679 Main3
91 434 2 2 5364 Main3
26 1354 2 3 6410 Main3
245 975 1 1 6117 Main3
201 632 2 2 5726 Main3
122 523 2 3 5486 Main3
35 977 2 2 6174 Main3
317 1587 2 3 6736 Main3
110 1329 2 3 6398 Main3
360 409 2 2 5264 Main3
119 388 2 3 5544 Main3
355 2020 1 1 7108 Main3
15 2891 2 2 8075 Main3
19 1749 2 3 6894 Main3
208 1927 2 2 6837 Main3
69 2958 2 2 8041 Main3
332 849 2 2 6005 Main3
74 496 1 1 5600 Main3
222 1129 2 2 6196 Main3
168 588 2 2 5578 Main3
114 1531 2 2 6690 Main3
310 5976 2 3 10825 Main4
327 582 2 3 5532 Main4
259 1179 2 3 6196 Main4
91 1289 2 3 6117 Main4
99 870 2 2 6028 Main4
76 1753 2 3 6714 Main4
251 2739 2 3 7626 Main4
244 1519 2 3 6589 Main4
252 1451 2 2 6546 Main4
256 2811 2 3 7704 Main4
308 910 2 2 5949 Main4
116 1237 2 2 6072 Main4
352 2238 2 2 7345 Main4
147 1409 2 3 6332 Main4
4 2551 2 3 7479 Main4
5 3118 2 2 8109 Main4
73 1587 2 2 6524 Main4
61 378 2 3 5352 Main4
175 1155 1 1 6085 Main4
56 1486 2 2 6365 Main4
190 1979 1 1 7028 Main4
142 1247 2 2 6354 Main4
264 1148 2 2 6140 Main4
50 692 2 3 5892 Main4
93 2196 2 3 7242 Main4
291 768 2 2 5633 Main4
144 657 2 2 5612 Main4
48 1175 1 1 6209 Main4
192 745 2 2 5634 Main4
173 1246 2 2 6299 Main4
108 2614 2 2 7478 Main4
285 1236 2 2 6230 Main4
19 3656 2 3 8548 Main4
255 3334 1 1 8470 Main4
152 2380 1 1 7299 Main4
7 1919 1 1 6871 Main4
194 1032 2 2 5858 Main4
162 1114 2 3 6107 Main4
325 1695 2 2 6849 Main4
167 1159 2 3 6005 Main4
55 2437 2 3 7491 Main4
1 1966 2 2 6939 Main4
95 634 1 1 5680 Main4
107 540 1 1 5577 Main4
254 2009 2 3 7040 Main4
98 1965 2 3 7153 Main4
174 672 2 2 5567 Main4
253 764 2 2 5578 Main4
123 555 2 2 5690 Main4
35 1736 2 2 6781 Main4
28 3634 2 3 8806 Main4
185 3022 2 3 8053 Main4
187 2068 2 2 7266 Main4
178 892 2 3 6061 Main4
37 2183 2 3 7367 Main4
277 519 1 1 5408 Main4
106 518 2 2 5500 Main4
321 1180 1 1 6208 Main4
171 1412 2 2 6567 Main4
334 515 2 2 5567 Main4
215 862 1 1 5840 Main5
60 1346 2 3 6410 Main5
105 1040 2 2 5859 Main5
2 2218 2 3 7422 Main5
57 1619 2 2 6624 Main5
246 277 1 1 5455 Main5
190 363 2 2 5554 Main5
265 525 2 3 5667 Main5
29 1051 2 3 5960 Main5
284 552 2 2 5757 Main5
121 809 1 1 5735 Main5
316 403 2 2 5612 Main5
324 567 2 2 5387 Main5
107 1704 1 1 6612 Main5
169 398 2 3 5217 Main5
332 813 1 1 6017 Main5
4 628 1 1 5688 Main5
135 652 2 2 5499 Main5
228 603 2 2 5656 Main5
124 648 1 1 5634 Main5
189 909 2 2 5791 Main5
33 836 2 2 5938 Main5
73 444 1 1 5365 Main5
34 1335 2 2 6354 Main5
103 222 2 2 5240 Main5
346 552 2 2 5364 Main5
317 347 2 2 5308 Main5
111 423 1 1 5308 Main5
347 1240 2 2 6308 Main5
84 1212 2 2 6163 Main5
32 833 1 1 5869 Main5
10 556 2 2 5421 Main5
23 713 1 1 5814 Main5
336 813 2 3 5690 Main5
39 653 2 3 5477 Main5
250 4065 2 2 9268 Main5
181 992 2 3 5893 Main5
285 583 2 2 5443 Main5
3 572 2 2 5386 Main5
259 616 1 1 5544 Main5
207 1370 1 1 6512 Main5
350 1201 2 2 6230 Main5
276 1385 1 1 6388 Main5
320 858 2 2 5701 Main5
219 207 1 1 5026 Main5
108 734 1 1 5770 Main5
230 2189 2 3 7006 Main5
100 517 2 3 5443 Main5
139 429 2 2 5488 Main5
205 219 1 1 5296 Main5
182 1007 2 2 6005 Main5
64 278 2 2 5343 Main5
68 245 1 1 5317 Main5
91 587 2 2 5533 Main5
85 921 2 2 5826 Main5
243 2546 2 3 7479 Main5
295 789 2 2 5757 Main5
110 957 2 2 6027 Main5
360 489 2 3 5342 Main5
5 425 1 1 5351 Main5
247 571 1 1 5569 Main6
92 1856 1 1 6882 Main6
3 980 2 2 6062 Main6
16 1131 2 2 6039 Main6
142 414 2 3 5510 Main6
95 635 2 2 5825 Main6
130 434 2 3 5612 Main6
116 850 2 2 5713 Main6
356 395 2 2 5295 Main6
159 332 2 2 5218 Main6
343 1226 2 3 6230 Main6
106 940 2 2 5948 Main6
144 777 1 1 5904 Main6
305 973 2 3 6027 Main6
96 1880 2 3 6781 Main6
127 1800 2 2 6647 Main6
206 2255 1 1 7445 Main6
166 1305 2 3 6287 Main6
5 1663 2 2 6523 Main6
62 722 1 1 5589 Main6
214 1592 1 1 6792 Main6
221 998 2 2 6118 Main6
248 1032 2 3 6230 Main6
320 741 2 3 5950 Main6
94 1281 2 2 6106 Main6
319 652 2 2 5646 Main6
357 807 2 2 5645 Main6
52 1471 2 2 6478 Main6
108 715 1 1 5723 Main6
182 661 2 3 5511 Main6
121 677 2 2 5588 Main6
322 714 1 1 5792 Main6
258 837 2 3 5972 Main6
122 753 1 1 5904 Main6
185 717 1 1 5701 Main6
339 854 1 1 6017 Main6
20 780 2 2 5769 Main6
318 1320 1 1 6454 Main6
17 862 2 3 5778 Main6
51 2059 2 2 6961 Main6
316 2752 2 2 7804 Main6
181 740 1 1 5746 Main6
100 1318 2 3 6455 Main6
350 590 2 2 5488 Main6
301 1217 1 1 6331 Main6
286 707 1 1 5713 Main6
193 2043 2 2 7018 Main6
56 1161 2 2 6309 Main6
177 820 2 2 5904 Main6
147 829 2 3 5972 Main6
40 558 1 1 5544 Main6
131 116 2 2 5094 Main6
250 301 1 1 5151 Main6
307 680 2 3 5578 Main6
264 833 2 2 5802 Main6
317 1099 1 1 6309 Main6
80 891 2 2 5994 Main6
268 1052 2 3 6230 Main6
195 762 1 1 5960 Main6
64 432 1 1 5464 Main6
