196 10000 3 1 15057 Main1
98 9549 1 1 14735 Main1
305 1234 1 1 6145 Main1
166 1080 2 3 6306 Main1
294 1171 2 2 6330 Main1
47 1350 2 2 6270 Main1
283 1903 2 3 7095 Main1
247 1084 1 1 6174 Main1
99 1060 1 1 6001 Main1
50 1384 2 3 6566 Main1
314 674 2 2 5710 Main1
234 720 2 2 5816 Main1
183 486 1 1 5729 Main1
180 810 2 3 6056 Main1
304 812 1 1 5675 Main1
328 1207 2 3 6165 Main1
120 833 2 3 5733 Main1
282 710 1 1 5783 Main1
169 1338 1 1 6386 Main1
36 688 1 1 5740 Main1
19 825 2 3 5718 Main1
80 1401 1 1 6533 Main1
139 1164 1 1 6227 Main1
262 1259 1 1 6374 Main1
9 528 1 1 5441 Main1
93 739 1 1 5791 Main1
41 554 2 2 5658 Main1
269 571 1 1 5584 Main1
214 331 1 1 5523 Main1
94 400 1 1 5460 Main1
292 574 2 2 5531 Main1
346 823 2 3 6053 Main1
338 737 1 1 5644 Main1
173 675 1 1 5589 Main1
207 905 1 1 5954 Main1
146 379 2 3 5530 Main1
275 452 1 1 5400 Main1
24 1461 2 3 6536 Main1
13 731 1 1 5627 Main1
347 647 1 1 5762 Main1
69 545 1 1 5421 Main1
132 671 2 3 5700 Main1
44 522 1 1 5379 Main1
241 801 1 1 5850 Main1
285 367 2 2 5350 Main1
246 366 1 1 5428 Main1
147 1302 1 1 6546 Main1
359 804 1 1 5719 Main1
210 704 2 3 5619 Main1
240 761 2 3 5847 Main1
82 521 2 2 5764 Main1
242 455 1 1 5648 Main1
131 682 2 2 5681 Main1
268 404 2 3 5644 Main1
8 428 1 1 5488 Main1
324 668 1 1 5711 Main1
66 717 1 1 5898 Main1
182 606 1 1 5661 Main1
10 678 1 1 5703 Main1
123 477 1 1 5597 Main1
347 2894 2 3 7946 Main2
38 729 1 1 5872 Main2
82 611 2 2 5585 Main2
53 552 1 1 5791 Main2
295 511 2 2 5403 Main2
168 1371 1 1 6259 Main2
43 539 1 1 5717 Main2
106 643 2 3 5614 Main2
70 417 1 1 5454 Main2
33 438 1 1 5415 Main2
161 879 2 2 5856 Main2
332 464 1 1 5678 Main2
187 486 1 1 5386 Main2
72 428 1 1 5363 Main2
281 700 2 2 5887 Main2
86 350 2 3 5379 Main2
325 771 2 2 6000 Main2
114 627 1 1 5767 Main2
47 928 1 1 5962 Main2
247 626 1 1 5701 Main2
6 745 1 1 5646 Main2
291 668 2 2 5689 Main2
199 769 1 1 5668 Main2
164 812 1 1 6035 Main2
24 564 1 1 5679 Main2
324 2004 2 2 6987 Main2
109 914 1 1 5791 Main2
69 521 1 1 5572 Main2
68 415 1 1 5365 Main2
204 448 1 1 5403 Main2
34 1303 1 1 6287 Main2
190 598 1 1 5636 Main2
174 596 2 2 5613 Main2
232 900 2 2 5955 Main2
144 428 1 1 5362 Main2
123 658 1 1 5880 Main2
50 557 1 1 5766 Main2
166 780 1 1 5703 Main2
67 445 1 1 5507 Main2
314 575 1 1 5669 Main2
218 573 1 1 5441 Main2
131 491 2 2 5509 Main2
7 481 1 1 5511 Main2
241 441 1 1 5565 Main2
327 625 1 1 5798 Main2
61 837 1 1 6024 Main2
112 494 1 1 5744 Main2
138 922 1 1 6042 Main2
11 591 2 2 5603 Main2
81 560 2 2 5522 Main2
154 882 1 1 5819 Main2
251 646 2 2 5769 Main2
323 814 1 1 6005 Main2
296 750 2 3 5918 Main2
279 685 1 1 5880 Main2
301 600 1 1 5773 Main2
224 562 1 1 5669 Main2
275 646 1 1 5702 Main2
96 580 1 1 5786 Main2
282 736 1 1 5998 Main2
333 1726 1 1 6982 Main3
120 839 2 3 5746 Main3
252 647 1 1 5596 Main3
45 578 2 2 5740 Main3
160 546 1 1 5778 Main3
203 489 1 1 5406 Main3
111 570 2 2 5826 Main3
164 451 1 1 5652 Main3
121 625 1 1 5854 Main3
222 549 1 1 5635 Main3
60 565 2 3 5481 Main3
108 690 1 1 5753 Main3
247 385 1 1 5400 Main3
243 631 1 1 5676 Main3
35 780 1 1 5731 Main3
276 730 1 1 5827 Main3
74 1115 2 3 6033 Main3
277 693 1 1 5554 Main3
316 526 2 3 5534 Main3
233 739 1 1 5634 Main3
186 848 1 1 5700 Main3
71 761 2 2 5785 Main3
72 664 1 1 5557 Main3
9 762 1 1 5686 Main3
123 505 1 1 5409 Main3
344 1073 2 3 5958 Main3
70 571 1 1 5804 Main3
23 548 1 1 5488 Main3
317 488 1 1 5662 Main3
225 820 2 2 5977 Main3
104 929 2 3 5826 Main3
5 842 1 1 5839 Main3
195 868 2 2 5841 Main3
68 627 1 1 5666 Main3
198 570 1 1 5656 Main3
246 525 1 1 5585 Main3
280 524 1 1 5556 Main3
125 505 1 1 5497 Main3
321 502 2 2 5382 Main3
2 509 1 1 5529 Main3
79 917 1 1 6005 Main3
116 479 2 3 5505 Main3
76 555 2 3 5609 Main3
150 680 2 3 5823 Main3
326 522 2 3 5582 Main3
327 458 1 1 5505 Main3
180 665 2 3 5696 Main3
244 501 1 1 5627 Main3
18 657 2 2 5769 Main3
124 1248 1 1 6332 Main3
22 717 1 1 5700 Main3
106 323 2 3 5395 Main3
297 507 1 1 5439 Main3
65 466 1 1 5438 Main3
83 568 1 1 5511 Main3
15 853 2 2 5829 Main3
41 641 2 2 5657 Main3
161 547 2 2 5638 Main3
220 477 1 1 5635 Main3
318 520 1 1 5527 Main3
2 950 1 1 5883 Main4
211 576 1 1 5680 Main4
304 632 1 1 5744 Main4
66 849 1 1 6075 Main4
329 536 1 1 5486 Main4
82 516 2 2 5415 Main4
93 573 1 1 5740 Main4
343 518 1 1 5413 Main4
261 751 2 2 5941 Main4
248 559 1 1 5562 Main4
189 539 1 1 5721 Main4
91 551 1 1 5385 Main4
160 513 1 1 5759 Main4
232 486 2 2 5755 Main4
236 428 2 3 5492 Main4
3 788 1 1 5944 Main4
62 653 1 1 5866 Main4
26 465 2 3 5697 Main4
227 1021 2 2 6239 Main4
195 649 2 2 5649 Main4
34 744 1 1 5796 Main4
17 721 1 1 5869 Main4
1 745 1 1 5795 Main4
44 881 1 1 5968 Main4
201 447 2 2 5345 Main4
218 577 1 1 5437 Main4
280 494 1 1 5609 Main4
332 495 1 1 5712 Main4
30 410 2 3 5547 Main4
13 780 1 1 5921 Main4
183 823 1 1 5744 Main4
131 719 2 2 5941 Main4
214 565 1 1 5714 Main4
157 645 1 1 5649 Main4
61 530 1 1 5551 Main4
154 736 1 1 5741 Main4
326 663 2 3 5523 Main4
83 1039 1 1 6140 Main4
80 554 1 1 5577 Main4
173 527 1 1 5397 Main4
15 547 2 2 5515 Main4
196 292 2 3 5471 Main4
240 507 2 3 5665 Main4
100 494 1 1 5579 Main4
288 898 1 1 5881 Main4
278 414 1 1 5640 Main4
238 806 2 3 5879 Main4
161 511 2 2 5459 Main4
22 674 2 2 5690 Main4
258 539 2 2 5670 Main4
346 714 2 3 5694 Main4
36 506 1 1 5577 Main4
63 613 1 1 5811 Main4
124 530 1 1 5674 Main4
322 574 2 2 5523 Main4
255 743 2 2 5888 Main4
25 563 2 2 5471 Main4
180 353 2 3 5330 Main4
76 348 2 3 5244 Main4
193 469 1 1 5555 Main4
166 816 2 3 5911 Main5
52 549 2 2 5747 Main5
16 715 2 3 5711 Main5
204 860 1 1 5742 Main5
219 639 1 1 5719 Main5
224 905 2 3 6044 Main5
89 617 1 1 5515 Main5
357 1028 2 2 6226 Main5
127 542 1 1 5609 Main5
274 736 1 1 5705 Main5
272 629 1 1 5819 Main5
29 448 1 1 5414 Main5
206 3154 2 3 8091 Main5
119 621 1 1 5640 Main5
1 1002 1 1 5984 Main5
356 505 2 3 5732 Main5
239 1021 1 1 6037 Main5
160 628 1 1 5510 Main5
302 544 1 1 5715 Main5
60 670 2 3 5811 Main5
332 556 1 1 5492 Main5
250 662 1 1 5702 Main5
323 756 1 1 5717 Main5
165 517 2 2 5423 Main5
228 868 1 1 5822 Main5
86 969 2 3 6137 Main5
309 802 1 1 5859 Main5
248 887 1 1 6138 Main5
9 693 1 1 5835 Main5
76 554 2 3 5646 Main5
256 716 2 3 5863 Main5
191 892 2 2 5956 Main5
207 833 1 1 6057 Main5
312 724 1 1 5898 Main5
93 682 1 1 5930 Main5
279 512 1 1 5408 Main5
148 525 2 3 5756 Main5
173 602 1 1 5557 Main5
12 572 1 1 5762 Main5
81 782 2 2 5760 Main5
61 559 1 1 5446 Main5
120 499 2 3 5553 Main5
181 563 1 1 5747 Main5
319 652 2 2 5677 Main5
46 529 2 3 5733 Main5
10 558 1 1 5502 Main5
244 655 1 1 5616 Main5
2 416 1 1 5450 Main5
314 620 1 1 5762 Main5
336 620 1 1 5757 Main5
282 1683 1 1 6631 Main5
220 685 1 1 5899 Main5
100 727 1 1 5892 Main5
85 952 2 2 5836 Main5
292 561 2 2 5506 Main5
103 1328 1 1 6196 Main5
133 959 1 1 5892 Main5
101 689 2 2 5727 Main5
259 794 1 1 5725 Main5
269 648 1 1 5678 Main5
107 1346 1 1 6348 Main6
123 687 1 1 5839 Main6
221 544 2 2 5538 Main6
105 586 2 2 5746 Main6
283 1350 2 3 6289 Main6
83 704 1 1 5812 Main6
190 641 1 1 5853 Main6
38 763 1 1 5742 Main6
85 479 2 2 5596 Main6
353 966 1 1 6148 Main6
45 944 2 2 5829 Main6
170 1446 2 2 6722 Main6
207 587 1 1 5556 Main6
195 477 2 2 5559 Main6
44 734 1 1 5756 Main6
166 344 2 3 5421 Main6
143 554 1 1 5725 Main6
109 921 1 1 6129 Main6
201 450 2 2 5448 Main6
265 587 2 2 5735 Main6
150 471 2 3 5688 Main6
32 544 1 1 5680 Main6
161 448 2 2 5588 Main6
313 1151 1 1 6067 Main6
338 647 1 1 5864 Main6
211 784 1 1 5696 Main6
333 596 1 1 5540 Main6
327 707 1 1 5932 Main6
324 631 1 1 5672 Main6
290 694 2 2 5747 Main6
56 663 2 3 5537 Main6
354 629 1 1 5699 Main6
319 748 1 1 5799 Main6
18 507 1 1 5521 Main6
306 513 1 1 5642 Main6
235 516 2 2 5781 Main6
322 553 2 2 5565 Main6
31 709 1 1 5679 Main6
39 592 1 1 5747 Main6
234 660 1 1 5721 Main6
37 589 1 1 5722 Main6
331 1029 1 1 6060 Main6
263 577 1 1 5674 Main6
266 553 2 3 5529 Main6
308 552 1 1 5803 Main6
121 826 1 1 5749 Main6
104 3457 1 1 8347 Main6
27 697 1 1 5918 Main6
280 574 1 1 5456 Main6
323 573 1 1 5599 Main6
59 580 1 1 5635 Main6
244 676 1 1 5550 Main6
232 675 2 2 5799 Main6
261 754 2 2 5821 Main6
93 935 1 1 6050 Main6
278 906 1 1 5819 Main6
92 1071 1 1 6155 Main6
330 915 2 3 5918 Main6
145 690 2 2 5738 Main6
181 650 1 1 5654 Main6
