40 10000 3 1 14887 Main1
124 7726 1 1 12793 Main1
210 1975 2 3 7218 Main1
283 1923 2 2 7060 Main1
93 1340 1 1 6248 Main1
41 2007 2 2 7241 Main1
306 1665 1 1 6715 Main1
87 2855 2 3 8087 Main1
219 2056 1 1 7141 Main1
11 2674 2 2 7898 Main1
324 1276 2 2 6479 Main1
92 1935 2 3 6886 Main1
126 1341 1 1 6298 Main1
280 1241 1 1 6271 Main1
84 976 2 2 6165 Main1
302 1059 1 1 5973 Main1
141 2218 2 2 7393 Main1
247 2749 2 2 7937 Main1
130 1017 1 1 6048 Main1
345 1045 1 1 6035 Main1
10 1607 1 1 6688 Main1
240 899 2 3 6080 Main1
309 1063 1 1 6262 Main1
179 843 2 2 6084 Main1
239 912 2 2 5937 Main1
108 2706 2 3 7904 Main1
276 700 1 1 5678 Main1
305 2335 1 1 7563 Main1
212 1407 1 1 6317 Main1
175 1130 1 1 6090 Main1
32 879 1 1 5831 Main1
114 796 2 3 5809 Main1
80 906 2 2 6058 Main1
235 3112 2 3 8350 Main1
99 880 2 3 5924 Main1
171 824 2 2 5911 Main1
342 1928 2 2 7184 Main1
312 1075 2 2 5929 Main1
333 749 1 1 5799 Main1
349 2676 2 2 7520 Main1
291 752 2 2 5668 Main1
256 966 2 3 6080 Main1
46 822 2 3 5769 Main1
233 2168 2 2 7198 Main1
109 1986 2 3 7192 Main1
206 1928 2 2 6812 Main1
3 972 1 1 5853 Main1
245 991 1 1 6183 Main1
336 1069 2 3 6090 Main1
315 866 2 2 5864 Main1
102 715 2 2 5695 Main1
292 1253 2 2 6263 Main1
15 833 2 2 6093 Main1
58 843 2 3 5901 Main1
145 852 2 2 5921 Main1
193 796 2 2 5762 Main1
117 1950 2 3 6862 Main1
259 1502 2 3 6441 Main1
329 2288 2 3 7369 Main1
217 766 2 3 5666 Main1
194 1965 1 1 7112 Main2
273 657 1 1 5638 Main2
253 1522 2 2 6545 Main2
308 2135 2 2 7229 Main2
360 3606 2 3 8654 Main2
204 714 2 2 5754 Main2
171 650 2 2 5878 Main2
6 1275 1 1 6195 Main2
252 733 2 2 5899 Main2
8 1924 2 2 6911 Main2
208 860 2 3 5986 Main2
133 633 2 3 5637 Main2
200 1314 2 2 6232 Main2
202 1484 1 1 6402 Main2
95 2378 2 2 7531 Main2
178 774 2 3 5757 Main2
168 399 2 3 5503 Main2
106 1551 1 1 6769 Main2
286 1973 2 3 6888 Main2
3 641 1 1 5575 Main2
338 1065 2 2 6154 Main2
228 2631 2 3 7667 Main2
76 574 2 3 5478 Main2
121 751 1 1 5884 Main2
280 1454 1 1 6457 Main2
172 905 2 2 6020 Main2
42 894 2 2 5816 Main2
170 2272 2 3 7146 Main2
175 1946 2 2 6926 Main2
326 1990 2 3 7186 Main2
254 2012 2 3 6867 Main2
104 942 2 2 6038 Main2
285 970 2 2 5980 Main2
116 1278 2 3 6237 Main2
243 852 1 1 6074 Main2
135 1548 2 2 6523 Main2
169 779 2 3 5673 Main2
210 1797 2 3 7033 Main2
91 3217 2 2 8248 Main2
90 1234 2 3 6171 Main2
343 1429 2 3 6350 Main2
224 2770 2 3 7672 Main2
63 626 1 1 5657 Main2
242 845 1 1 6033 Main2
120 1424 2 3 6624 Main2
160 3829 2 3 8979 Main2
248 714 1 1 5967 Main2
153 634 1 1 5678 Main2
19 1191 2 3 6423 Main2
192 2183 2 2 7123 Main2
109 2146 2 3 7418 Main2
262 861 2 2 5910 Main2
201 746 1 1 5887 Main2
283 2979 2 2 8145 Main2
151 2894 1 1 7979 Main2
72 1119 2 2 6251 Main2
198 2401 2 3 7328 Main2
331 1515 2 3 6762 Main2
357 2616 2 2 7801 Main2
263 806 2 2 5959 Main2
285 2360 2 2 7416 Main3
184 1792 1 1 6706 Main3
147 671 2 3 5912 Main3
326 693 1 1 5606 Main3
269 1045 1 1 6035 Main3
95 809 1 1 5725 Main3
164 713 2 2 5717 Main3
250 664 2 2 5931 Main3
272 1200 2 2 6306 Main3
117 587 2 2 5589 Main3
88 821 2 3 5740 Main3
300 633 2 3 5877 Main3
341 966 2 3 6090 Main3
111 833 2 3 5749 Main3
191 617 2 3 5811 Main3
163 647 2 2 5598 Main3
122 546 1 1 5581 Main3
174 583 2 2 5649 Main3
226 1006 2 3 6104 Main3
339 605 2 2 5773 Main3
37 546 1 1 5439 Main3
291 482 2 2 5706 Main3
182 826 2 3 5997 Main3
66 636 2 2 5731 Main3
318 721 2 3 5764 Main3
18 1520 2 3 6420 Main3
247 654 1 1 5634 Main3
33 1548 1 1 6750 Main3
125 873 1 1 6089 Main3
221 686 2 3 5819 Main3
214 385 1 1 5486 Main3
320 458 2 3 5404 Main3
32 560 1 1 5616 Main3
353 806 2 3 5668 Main3
329 852 2 2 6004 Main3
143 1033 1 1 5943 Main3
156 539 1 1 5449 Main3
26 1035 2 3 6001 Main3
165 590 2 2 5838 Main3
102 514 2 3 5715 Main3
328 589 2 3 5663 Main3
73 894 2 2 5932 Main3
352 1834 2 3 6758 Main3
82 576 2 2 5435 Main3
134 603 2 2 5664 Main3
258 1947 2 3 6939 Main3
31 589 1 1 5840 Main3
160 1694 1 1 6942 Main3
169 2065 2 3 7282 Main3
126 619 1 1 5602 Main3
316 733 2 2 5995 Main3
133 568 2 2 5812 Main3
3 3374 2 2 8468 Main3
127 1448 1 1 6428 Main3
154 2095 2 3 7123 Main3
242 1249 2 2 6327 Main3
228 1314 2 3 6542 Main3
360 884 2 3 5899 Main3
342 392 2 2 5455 Main3
30 1400 2 3 6543 Main3
304 1434 2 3 6649 Main4
246 1082 2 2 5941 Main4
350 412 2 2 5578 Main4
36 934 1 1 5821 Main4
258 1873 2 2 6818 Main4
207 2383 2 3 7451 Main4
305 2041 1 1 7003 Main4
257 633 2 3 5560 Main4
174 1221 2 2 6436 Main4
197 1196 2 3 6103 Main4
280 815 1 1 5674 Main4
126 1088 2 2 6303 Main4
357 3021 2 3 8221 Main4
122 696 1 1 5584 Main4
19 1240 2 3 6125 Main4
169 461 2 3 5457 Main4
82 553 2 2 5576 Main4
165 2084 2 2 7150 Main4
261 485 2 2 5452 Main4
359 1888 2 3 7048 Main4
69 2204 2 2 7124 Main4
146 799 2 3 5767 Main4
74 626 2 2 5524 Main4
187 590 1 1 5519 Main4
75 658 2 2 5585 Main4
251 552 2 2 5562 Main4
334 415 2 2 5362 Main4
183 3460 1 1 8651 Main4
301 1232 1 1 6325 Main4
65 739 1 1 5824 Main4
64 442 1 1 5299 Main4
191 2374 2 2 7268 Main4
72 1931 2 2 6936 Main4
59 1110 2 3 6171 Main4
147 923 2 3 6158 Main4
140 1122 2 3 6119 Main4
20 337 2 3 5350 Main4
235 527 2 2 5584 Main4
238 675 2 3 5831 Main4
259 533 2 3 5403 Main4
239 737 1 1 5713 Main4
76 827 1 1 5956 Main4
134 1449 1 1 6378 Main4
236 593 2 3 5631 Main4
150 636 2 3 5834 Main4
10 762 2 2 5903 Main4
111 585 2 2 5776 Main4
184 698 2 3 5619 Main4
241 636 1 1 5826 Main4
340 1370 2 2 6437 Main4
2 578 1 1 5453 Main4
358 1152 2 3 6010 Main4
158 1477 1 1 6460 Main4
255 705 2 2 5816 Main4
8 642 1 1 5786 Main4
49 295 2 3 5494 Main4
125 496 1 1 5461 Main4
67 1146 2 2 6147 Main4
66 1514 2 3 6533 Main4
99 1274 2 3 6152 Main4
309 1777 1 1 6858 Main5
269 1181 1 1 6193 Main5
281 854 2 2 6053 Main5
36 388 2 2 5268 Main5
178 508 2 3 5698 Main5
349 1109 2 3 6310 Main5
241 469 1 1 5362 Main5
284 1080 2 3 6047 Main5
68 668 1 1 5716 Main5
265 468 2 2 5706 Main5
156 1628 1 1 6508 Main5
74 485 2 2 5606 Main5
277 420 1 1 5402 Main5
1 541 1 1 5591 Main5
211 451 1 1 5573 Main5
308 3223 2 2 8162 Main5
122 572 2 2 5564 Main5
7 639 1 1 5629 Main5
135 332 1 1 5211 Main5
40 509 1 1 5759 Main5
310 1229 1 1 6170 Main5
115 2154 2 3 7070 Main5
13 946 2 2 6209 Main5
116 512 1 1 5550 Main5
180 381 2 3 5296 Main5
341 3572 2 3 8511 Main5
158 5793 2 3 10675 Main5
20 1063 2 2 6262 Main5
302 1148 1 1 6336 Main5
64 544 1 1 5416 Main5
270 529 2 3 5735 Main5
106 903 1 1 5954 Main5
121 733 1 1 5934 Main5
328 577 2 3 5477 Main5
29 285 2 3 5367 Main5
283 794 2 2 5700 Main5
300 480 2 3 5364 Main5
73 624 1 1 5768 Main5
187 310 2 2 5487 Main5
282 984 2 2 5876 Main5
268 428 2 3 5328 Main5
130 2975 2 2 8047 Main5
119 2708 2 2 7852 Main5
83 364 1 1 5592 Main5
226 408 2 2 5663 Main5
157 1601 2 2 6641 Main5
320 587 2 3 5706 Main5
85 459 1 1 5465 Main5
67 503 1 1 5742 Main5
353 1422 1 1 6667 Main5
168 2514 2 2 7731 Main5
357 544 2 2 5757 Main5
190 875 1 1 6090 Main5
311 2162 1 1 7328 Main5
224 1485 2 3 6700 Main5
62 758 1 1 5994 Main5
196 1030 2 3 6270 Main5
4 554 1 1 5651 Main5
99 833 2 2 5869 Main5
237 3832 2 2 9050 Main5
5 586 1 1 5530 Main6
155 451 1 1 5613 Main6
15 279 2 2 5371 Main6
183 341 2 3 5455 Main6
211 689 2 2 5850 Main6
269 943 2 3 5892 Main6
245 547 1 1 5727 Main6
78 550 1 1 5725 Main6
135 660 2 2 5861 Main6
203 6581 2 3 11610 Main6
196 332 2 3 5363 Main6
33 731 2 2 5891 Main6
97 556 1 1 5457 Main6
340 1771 1 1 6946 Main6
285 530 2 2 5729 Main6
100 402 1 1 5329 Main6
351 404 1 1 5635 Main6
163 597 2 2 5562 Main6
180 751 2 3 5911 Main6
206 651 1 1 5543 Main6
30 773 2 3 5891 Main6
254 1056 2 2 5906 Main6
219 617 2 3 5524 Main6
35 1215 1 1 6111 Main6
288 1013 1 1 5939 Main6
210 444 1 1 5707 Main6
263 480 2 2 5347 Main6
296 477 2 3 5503 Main6
66 2050 2 2 7067 Main6
116 1005 1 1 6065 Main6
311 810 2 2 6009 Main6
347 412 2 3 5679 Main6
62 581 2 3 5723 Main6
289 1318 2 3 6482 Main6
168 1751 2 3 6711 Main6
158 775 1 1 5894 Main6
177 336 2 3 5599 Main6
186 547 2 2 5675 Main6
279 1448 2 3 6303 Main6
192 380 2 2 5270 Main6
167 537 2 3 5602 Main6
41 516 2 2 5771 Main6
181 446 1 1 5598 Main6
216 469 2 2 5659 Main6
246 2508 1 1 7375 Main6
69 446 1 1 5504 Main6
286 1870 2 3 6756 Main6
136 112 2 3 5188 Main6
333 888 2 3 5767 Main6
331 517 1 1 5641 Main6
82 761 2 2 5913 Main6
182 2036 1 1 7095 Main6
265 979 2 2 6049 Main6
68 710 1 1 5872 Main6
213 898 2 2 5816 Main6
346 474 2 2 5596 Main6
40 712 1 1 5692 Main6
120 2692 2 3 7589 Main6
315 554 2 2 5400 Main6
282 531 2 2 5630 Main6
