304 2845 2 3 8050 Main1
137 2057 1 1 7108 Main1
127 2163 1 1 7172 Main1
115 1160 2 2 6227 Main1
313 1385 2 3 6257 Main1
118 1276 2 2 6203 Main1
233 543 1 1 5620 Main1
228 934 2 2 6128 Main1
185 553 1 1 5450 Main1
58 631 2 3 5715 Main1
8 704 1 1 5583 Main1
119 1241 2 2 6153 Main1
100 739 1 1 5823 Main1
146 423 2 2 5395 Main1
93 837 2 3 5973 Main1
143 1291 2 3 6216 Main1
336 828 2 3 5937 Main1
252 643 2 2 5618 Main1
198 535 2 3 5528 Main1
335 6228 1 1 11138 Main1
349 765 2 3 5696 Main1
272 468 2 2 5367 Main1
286 1262 2 2 6338 Main1
273 1940 2 3 6818 Main1
205 1222 2 3 6273 Main1
96 228 2 3 5220 Main1
302 2141 2 3 7171 Main1
16 204 2 3 5121 Main1
121 407 2 2 5288 Main1
266 184 2 3 5324 Main1
6 885 2 3 6072 Main1
204 186 2 3 5104 Main1
69 282 1 1 5286 Main1
82 92 2 2 4989 Main1
17 603 2 3 5530 Main1
19 322 2 2 5425 Main1
101 1067 1 1 6054 Main1
166 561 2 3 5535 Main1
154 1100 2 3 6276 Main1
62 413 1 1 5594 Main1
192 1621 1 1 6472 Main1
256 1176 2 3 6281 Main1
305 177 1 1 5135 Main1
241 114 2 2 5099 Main1
291 1407 2 2 6596 Main1
212 845 1 1 5735 Main1
176 3 2 3 5114 Main1
285 335 2 2 5179 Main1
251 123 2 2 5136 Main1
347 392 2 3 5365 Main1
54 883 2 2 5995 Main1
257 523 2 3 5392 Main1
80 674 2 2 5775 Main1
91 1061 1 1 6020 Main1
128 839 1 1 6049 Main1
342 368 2 2 5189 Main1
242 422 1 1 5427 Main1
356 101 2 3 5133 Main1
125 685 1 1 5723 Main1
77 302 2 3 5249 Main1
257 473 2 3 5526 Main2
288 3530 2 3 8667 Main2
313 390 1 1 5376 Main2
116 478 2 3 5674 Main2
317 1367 2 3 6487 Main2
86 764 2 3 5636 Main2
219 1668 2 3 6728 Main2
24 219 2 2 5380 Main2
197 2017 2 3 7029 Main2
302 861 1 1 5789 Main2
168 709 2 3 5649 Main2
329 1827 1 1 6708 Main2
280 1196 2 2 6145 Main2
241 444 2 2 5296 Main2
98 337 1 1 5299 Main2
160 576 2 3 5597 Main2
153 507 2 3 5645 Main2
277 429 1 1 5507 Main2
229 874 1 1 5863 Main2
162 716 1 1 5651 Main2
45 528 2 2 5585 Main2
311 665 2 2 5632 Main2
17 1825 2 2 6946 Main2
281 473 2 2 5457 Main2
143 2402 2 3 7604 Main2
358 539 2 3 5429 Main2
193 358 2 2 5342 Main2
38 640 1 1 5521 Main2
3 1157 2 3 6366 Main2
250 2396 2 3 7478 Main2
267 1041 2 2 6158 Main2
77 784 2 3 5896 Main2
254 1341 2 2 6324 Main2
128 493 1 1 5694 Main2
122 497 1 1 5515 Main2
175 1342 2 3 6286 Main2
224 765 2 2 5899 Main2
136 3983 2 3 8827 Main2
66 339 2 2 5372 Main2
352 1152 2 2 5989 Main2
92 763 1 1 5759 Main2
270 1254 2 3 6364 Main2
300 1414 2 3 6571 Main2
100 798 1 1 5836 Main2
43 1471 2 2 6595 Main2
191 49 2 2 5076 Main2
214 569 2 3 5457 Main2
322 1538 2 2 6604 Main2
135 3042 2 2 8038 Main2
204 818 2 2 5771 Main2
338 815 1 1 5667 Main2
79 1309 2 2 6239 Main2
233 920 2 2 6035 Main2
117 482 1 1 5320 Main2
325 387 2 2 5383 Main2
172 523 2 2 5530 Main2
213 366 2 3 5483 Main2
31 1767 2 2 6612 Main2
310 1398 1 1 6298 Main2
312 622 1 1 5781 Main2
263 541 2 2 5589 Main3
103 699 2 2 5688 Main3
131 391 2 2 5585 Main3
340 283 1 1 5115 Main3
285 234 2 2 5338 Main3
87 367 1 1 5311 Main3
31 662 1 1 5499 Main3
264 1780 2 2 6799 Main3
233 637 2 2 5756 Main3
3 555 2 3 5774 Main3
261 178 2 3 5089 Main3
334 295 2 3 5409 Main3
7 2571 2 3 7498 Main3
72 1519 2 2 6397 Main3
14 1781 2 2 6603 Main3
351 374 2 3 5467 Main3
310 310 1 1 5192 Main3
116 519 2 3 5402 Main3
302 396 1 1 5322 Main3
144 6479 2 3 11382 Main3
79 2540 2 2 7613 Main3
287 633 2 3 5500 Main3
275 366 1 1 5462 Main3
101 825 2 2 6031 Main3
137 1001 2 2 6186 Main3
84 684 2 2 5769 Main3
196 1564 2 2 6452 Main3
11 2215 2 2 7263 Main3
68 486 1 1 5368 Main3
10 951 1 1 6040 Main3
225 661 2 2 5814 Main3
27 1452 2 2 6643 Main3
329 301 2 3 5246 Main3
2 310 1 1 5262 Main3
145 417 2 2 5419 Main3
22 415 2 2 5363 Main3
228 278 1 1 5258 Main3
109 1361 2 2 6292 Main3
183 604 2 3 5718 Main3
345 241 2 2 5300 Main3
35 410 1 1 5375 Main3
107 564 2 2 5454 Main3
122 611 1 1 5800 Main3
41 1283 2 2 6337 Main3
347 1152 2 3 6197 Main3
306 3089 2 2 8240 Main3
119 1871 2 2 6905 Main3
46 287 2 3 5377 Main3
193 425 2 2 5334 Main3
318 291 2 3 5346 Main3
139 253 2 2 5191 Main3
82 238 2 2 5384 Main3
37 553 1 1 5569 Main3
316 381 2 3 5249 Main3
227 814 2 2 5754 Main3
1 522 2 2 5655 Main3
166 970 2 3 5853 Main3
234 593 2 2 5771 Main3
337 1414 2 2 6444 Main3
171 432 2 2 5309 Main3
280 421 1 1 5529 Main4
248 67 1 1 4888 Main4
132 349 1 1 5294 Main4
222 441 1 1 5515 Main4
306 497 2 2 5586 Main4
36 509 2 3 5563 Main4
79 486 1 1 5672 Main4
124 1436 2 3 6595 Main4
312 2217 1 1 7229 Main4
22 280 2 2 5120 Main4
270 495 1 1 5432 Main4
313 893 2 2 6112 Main4
283 413 2 3 5537 Main4
343 1378 2 2 6371 Main4
173 1327 2 3 6359 Main4
211 574 2 2 5747 Main4
279 315 1 1 5231 Main4
331 954 1 1 6113 Main4
350 651 2 3 5854 Main4
176 306 2 3 5284 Main4
325 583 2 2 5418 Main4
354 625 2 2 5813 Main4
323 414 2 3 5560 Main4
39 189 1 1 5195 Main4
311 502 2 2 5702 Main4
199 3044 1 1 8078 Main4
75 293 2 2 5499 Main4
218 53 1 1 4998 Main4
89 1478 2 2 6611 Main4
78 195 2 3 5036 Main4
104 356 2 3 5446 Main4
217 271 1 1 5118 Main4
185 580 1 1 5721 Main4
23 1084 1 1 6281 Main4
251 473 2 2 5448 Main4
25 3037 2 2 8088 Main4
59 311 2 3 5452 Main4
5 575 1 1 5486 Main4
115 616 1 1 5552 Main4
96 354 1 1 5231 Main4
324 501 2 3 5505 Main4
136 321 2 3 5468 Main4
166 369 2 3 5255 Main4
344 1638 2 3 6746 Main4
330 1417 2 3 6506 Main4
266 421 2 3 5435 Main4
209 1800 2 3 6691 Main4
116 1850 2 3 7015 Main4
310 358 1 1 5417 Main4
302 410 1 1 5544 Main4
87 485 2 2 5453 Main4
298 243 2 3 5292 Main4
156 510 2 3 5688 Main4
315 450 2 2 5324 Main4
111 317 2 2 5224 Main4
236 8 2 3 5120 Main4
308 447 1 1 5424 Main4
320 2958 2 3 7916 Main4
223 240 1 1 5161 Main4
63 479 2 3 5536 Main4
25 954 2 2 6171 Main5
45 577 2 2 5526 Main5
260 446 2 3 5321 Main5
75 411 2 2 5522 Main5
294 2690 2 3 7680 Main5
307 1322 2 2 6334 Main5
196 10000 3 1 15129 Main5
293 4174 2 2 9156 Main5
271 1011 1 1 5929 Main5
329 303 2 3 5258 Main5
74 552 2 2 5735 Main5
243 1095 2 3 6023 Main5
255 420 2 2 5521 Main5
284 666 2 3 5786 Main5
304 353 2 3 5542 Main5
316 1086 2 3 6111 Main5
121 617 1 1 5680 Main5
170 4111 2 3 9189 Main5
160 778 1 1 5608 Main5
246 798 2 3 5636 Main5
27 338 2 2 5536 Main5
129 3827 1 1 8944 Main5
91 1214 1 1 6255 Main5
322 635 2 2 5798 Main5
215 785 1 1 5950 Main5
267 923 2 2 6048 Main5
269 258 2 3 5094 Main5
153 578 2 3 5745 Main5
311 650 2 2 5747 Main5
358 416 2 3 5305 Main5
46 358 2 3 5230 Main5
42 495 2 3 5351 Main5
66 479 2 2 5600 Main5
192 703 2 2 5625 Main5
209 318 2 3 5224 Main5
301 841 1 1 5946 Main5
249 638 1 1 5746 Main5
282 601 2 2 5582 Main5
100 551 1 1 5539 Main5
299 395 2 3 5435 Main5
317 714 2 3 5728 Main5
345 522 2 2 5587 Main5
44 418 2 3 5310 Main5
266 407 2 3 5425 Main5
194 188 2 3 5341 Main5
259 665 2 2 5711 Main5
342 468 2 2 5627 Main5
144 381 2 3 5494 Main5
65 745 1 1 5802 Main5
222 553 2 2 5704 Main5
318 432 2 3 5523 Main5
59 1118 2 3 6204 Main5
130 451 1 1 5270 Main5
283 873 2 3 5760 Main5
86 1366 2 3 6419 Main5
285 2075 1 1 7184 Main5
332 390 1 1 5606 Main5
113 374 2 2 5527 Main5
207 1245 2 2 6305 Main5
333 208 2 3 5376 Main5
328 3789 2 3 8689 Main6
47 498 2 3 5719 Main6
274 872 2 3 5837 Main6
132 501 2 2 5601 Main6
82 1844 2 2 6848 Main6
15 355 2 2 5308 Main6
56 310 2 3 5514 Main6
217 558 1 1 5746 Main6
7 551 1 1 5401 Main6
153 479 2 3 5632 Main6
150 1872 2 3 6929 Main6
200 1004 1 1 5867 Main6
235 468 2 2 5515 Main6
165 663 2 2 5783 Main6
179 530 2 3 5569 Main6
95 415 1 1 5505 Main6
93 354 2 3 5428 Main6
337 862 1 1 5981 Main6
330 896 1 1 5777 Main6
115 440 1 1 5521 Main6
187 472 1 1 5647 Main6
271 577 1 1 5397 Main6
86 171 2 3 5239 Main6
163 1242 2 3 6137 Main6
109 954 2 3 6054 Main6
116 1024 2 2 6032 Main6
215 282 1 1 5336 Main6
40 636 1 1 5732 Main6
147 160 2 2 5127 Main6
320 326 2 3 5473 Main6
51 559 2 2 5432 Main6
10 1852 2 2 6708 Main6
160 1120 1 1 6004 Main6
124 455 2 3 5454 Main6
107 274 2 2 5118 Main6
273 456 2 3 5281 Main6
219 618 1 1 5601 Main6
139 320 2 2 5163 Main6
355 964 1 1 5925 Main6
31 437 1 1 5460 Main6
231 386 2 2 5226 Main6
164 983 2 3 5940 Main6
118 1494 2 3 6544 Main6
197 228 2 2 5237 Main6
360 245 2 3 5171 Main6
3 916 1 1 5971 Main6
117 435 2 2 5607 Main6
178 589 2 3 5453 Main6
278 562 1 1 5411 Main6
170 408 2 3 5570 Main6
283 371 2 3 5292 Main6
236 702 2 3 5736 Main6
143 682 2 3 5897 Main6
180 1338 1 1 6537 Main6
85 360 2 2 5277 Main6
213 883 2 3 5887 Main6
335 1970 1 1 6895 Main6
228 614 2 3 5513 Main6
52 1497 2 2 6564 Main6
310 739 1 1 5774 Main6
