263 3247 2 3 8193 Main1
355 836 2 2 6013 Main1
351 1145 2 3 6262 Main1
54 497 2 2 5537 Main1
359 807 1 1 5972 Main1
157 482 2 2 5411 Main1
52 782 1 1 5979 Main1
205 458 2 2 5355 Main1
227 741 1 1 5910 Main1
238 464 2 2 5390 Main1
338 411 1 1 5389 Main1
128 392 1 1 5311 Main1
256 395 2 3 5487 Main1
115 2134 2 3 7325 Main1
242 1429 2 2 6504 Main1
297 880 1 1 5735 Main1
277 708 2 2 5839 Main1
230 745 2 3 5800 Main1
80 563 1 1 5664 Main1
229 513 2 3 5397 Main1
123 654 1 1 5850 Main1
241 390 2 2 5293 Main1
228 349 1 1 5477 Main1
223 922 2 3 5898 Main1
202 568 1 1 5424 Main1
278 477 1 1 5315 Main1
169 385 1 1 5380 Main1
358 149 2 2 5275 Main1
67 545 2 2 5381 Main1
236 423 1 1 5388 Main1
199 702 1 1 5919 Main1
161 783 2 3 5894 Main1
316 527 2 3 5407 Main1
50 192 2 3 5102 Main1
284 354 1 1 5197 Main1
219 491 1 1 5613 Main1
203 245 2 2 5212 Main1
288 1112 2 2 6135 Main1
148 495 1 1 5378 Main1
247 580 2 2 5417 Main1
292 370 2 3 5503 Main1
101 525 1 1 5540 Main1
224 804 2 3 5746 Main1
11 272 2 2 5435 Main1
315 405 1 1 5410 Main1
272 799 2 3 5995 Main1
303 645 1 1 5502 Main1
239 857 2 3 5945 Main1
262 1145 1 1 6362 Main1
87 572 2 3 5699 Main1
138 1121 1 1 6047 Main1
270 1062 2 3 6218 Main1
198 706 1 1 5739 Main1
43 720 1 1 5715 Main1
100 728 2 2 5852 Main1
17 438 1 1 5474 Main1
107 632 2 2 5503 Main1
285 956 2 3 5896 Main1
172 849 2 3 6072 Main1
271 767 1 1 5978 Main1
72 362 1 1 5418 Main2
122 642 2 2 5604 Main2
161 665 2 3 5624 Main2
179 1038 1 1 5860 Main2
272 635 2 3 5659 Main2
30 356 2 2 5357 Main2
224 720 1 1 5716 Main2
79 431 2 3 5465 Main2
128 747 1 1 5709 Main2
35 478 1 1 5617 Main2
99 461 1 1 5573 Main2
149 335 2 2 5184 Main2
188 509 1 1 5451 Main2
210 335 1 1 5275 Main2
187 461 2 2 5604 Main2
254 296 1 1 5477 Main2
183 561 1 1 5738 Main2
320 828 2 3 5902 Main2
50 662 2 3 5830 Main2
135 901 1 1 6055 Main2
307 440 2 2 5386 Main2
268 2722 2 2 7819 Main2
355 685 1 1 5727 Main2
124 924 1 1 5956 Main2
78 614 1 1 5589 Main2
238 808 1 1 5882 Main2
197 495 1 1 5712 Main2
277 499 2 2 5614 Main2
290 319 2 3 5166 Main2
256 310 2 3 5467 Main2
306 398 1 1 5432 Main2
37 585 2 2 5579 Main2
189 334 1 1 5396 Main2
41 399 2 3 5586 Main2
12 309 1 1 5211 Main2
351 109 1 1 5055 Main2
194 254 1 1 5461 Main2
44 468 1 1 5580 Main2
28 328 1 1 5532 Main2
160 454 2 2 5633 Main2
25 724 2 3 5764 Main2
247 365 2 2 5462 Main2
5 420 1 1 5505 Main2
221 942 2 2 5865 Main2
164 598 1 1 5565 Main2
233 472 2 2 5472 Main2
321 463 1 1 5461 Main2
240 730 2 2 5684 Main2
83 346 1 1 5509 Main2
115 297 1 1 5171 Main2
13 631 2 3 5819 Main2
116 496 2 3 5658 Main2
357 296 2 3 5360 Main2
280 348 2 3 5249 Main2
142 493 2 3 5456 Main2
10 619 2 2 5685 Main2
145 933 1 1 6032 Main2
208 180 1 1 5176 Main2
75 159 1 1 5240 Main2
152 681 2 3 5735 Main2
88 553 2 2 5553 Main3
318 626 1 1 5666 Main3
287 1095 1 1 6124 Main3
231 363 1 1 5568 Main3
85 429 1 1 5248 Main3
6 501 1 1 5343 Main3
184 350 1 1 5533 Main3
225 362 2 3 5342 Main3
118 284 1 1 5339 Main3
74 852 1 1 6048 Main3
271 465 2 2 5677 Main3
358 910 2 2 5747 Main3
267 641 2 3 5633 Main3
69 323 1 1 5233 Main3
283 362 1 1 5458 Main3
251 911 2 2 6071 Main3
237 445 1 1 5546 Main3
208 304 1 1 5278 Main3
258 77 1 1 5123 Main3
165 458 1 1 5316 Main3
354 317 2 2 5250 Main3
199 351 2 3 5522 Main3
15 611 1 1 5564 Main3
111 461 2 3 5390 Main3
257 302 1 1 5456 Main3
252 506 1 1 5547 Main3
152 476 2 3 5681 Main3
23 290 2 2 5144 Main3
205 352 1 1 5175 Main3
90 185 2 2 5229 Main3
322 385 1 1 5224 Main3
120 1100 2 2 5977 Main3
204 545 2 2 5482 Main3
344 2010 1 1 6960 Main3
356 471 2 3 5691 Main3
270 359 2 2 5583 Main3
275 1079 1 1 6065 Main3
91 735 1 1 5897 Main3
32 528 2 3 5360 Main3
170 316 2 3 5429 Main3
136 241 2 3 5222 Main3
92 286 2 3 5365 Main3
26 100 2 3 5029 Main3
129 4441 1 1 9497 Main3
159 122 1 1 5103 Main3
157 359 2 2 5439 Main3
122 574 2 3 5683 Main3
124 800 1 1 5682 Main3
328 591 1 1 5460 Main3
268 405 1 1 5335 Main3
197 871 1 1 5931 Main3
102 454 1 1 5378 Main3
256 219 2 3 5312 Main3
319 149 2 3 5248 Main3
163 401 1 1 5479 Main3
223 367 1 1 5466 Main3
147 685 2 3 5750 Main3
98 2033 2 2 6876 Main3
245 540 1 1 5665 Main3
20 530 2 3 5538 Main3
254 356 1 1 5220 Main4
205 430 1 1 5367 Main4
70 808 2 3 5916 Main4
322 554 1 1 5548 Main4
138 2763 2 2 7639 Main4
329 416 2 2 5590 Main4
161 603 2 2 5732 Main4
152 599 2 3 5587 Main4
89 841 2 2 6052 Main4
25 1631 2 3 6534 Main4
137 679 1 1 5512 Main4
312 642 1 1 5577 Main4
107 716 1 1 5939 Main4
189 394 1 1 5569 Main4
24 380 2 2 5422 Main4
4 426 1 1 5265 Main4
298 636 1 1 5558 Main4
204 434 2 2 5353 Main4
158 554 1 1 5436 Main4
97 383 2 2 5485 Main4
127 544 2 2 5568 Main4
250 1144 2 3 6245 Main4
283 536 1 1 5663 Main4
63 1022 1 1 6203 Main4
220 940 2 2 5779 Main4
268 746 1 1 5897 Main4
260 358 2 3 5350 Main4
30 482 2 2 5502 Main4
261 922 2 3 5808 Main4
359 709 2 2 5675 Main4
207 641 2 3 5633 Main4
351 532 1 1 5715 Main4
358 220 1 1 5376 Main4
281 367 1 1 5551 Main4
267 353 2 3 5176 Main4
342 152 1 1 5319 Main4
51 420 1 1 5484 Main4
87 273 2 3 5127 Main4
95 690 1 1 5875 Main4
234 383 2 2 5365 Main4
274 1078 1 1 5926 Main4
183 390 1 1 5502 Main4
330 2148 1 1 7250 Main4
328 174 1 1 5026 Main4
335 246 1 1 5152 Main4
58 329 2 2 5250 Main4
266 295 2 3 5313 Main4
46 367 2 3 5278 Main4
305 390 1 1 5222 Main4
171 486 2 3 5691 Main4
344 720 2 2 5681 Main4
202 622 1 1 5524 Main4
311 1083 2 3 6299 Main4
272 850 2 3 5950 Main4
277 792 2 2 5957 Main4
162 487 2 3 5672 Main4
336 633 1 1 5601 Main4
146 493 2 3 5622 Main4
15 911 2 3 6068 Main4
129 536 1 1 5580 Main4
207 373 2 3 5225 Main5
154 559 2 3 5732 Main5
238 426 1 1 5525 Main5
199 1500 2 2 6427 Main5
135 1161 1 1 6085 Main5
138 306 2 2 5296 Main5
336 1566 1 1 6525 Main5
308 584 1 1 5635 Main5
217 369 2 2 5600 Main5
114 904 2 3 6061 Main5
235 549 2 2 5569 Main5
287 372 1 1 5329 Main5
264 692 2 3 5712 Main5
183 568 1 1 5536 Main5
342 522 1 1 5505 Main5
347 411 1 1 5532 Main5
288 308 1 1 5281 Main5
205 621 1 1 5598 Main5
319 354 2 2 5480 Main5
357 218 2 3 5054 Main5
285 375 2 3 5530 Main5
3 2164 1 1 7008 Main5
284 417 1 1 5633 Main5
192 476 1 1 5559 Main5
304 852 1 1 5695 Main5
119 387 1 1 5605 Main5
350 345 2 3 5495 Main5
349 584 2 2 5717 Main5
21 702 1 1 5910 Main5
83 474 1 1 5347 Main5
95 718 1 1 5551 Main5
126 453 1 1 5578 Main5
208 405 1 1 5236 Main5
136 376 2 3 5557 Main5
230 87 2 3 5272 Main5
189 274 1 1 5175 Main5
220 515 2 3 5702 Main5
180 571 2 2 5790 Main5
120 607 2 3 5618 Main5
247 833 2 3 5833 Main5
27 356 2 3 5207 Main5
257 551 2 2 5461 Main5
157 912 2 2 6098 Main5
281 648 1 1 5678 Main5
286 194 2 3 5412 Main5
129 688 1 1 5586 Main5
43 361 1 1 5257 Main5
121 508 1 1 5570 Main5
218 552 1 1 5723 Main5
17 312 1 1 5229 Main5
216 668 1 1 5789 Main5
248 487 1 1 5675 Main5
233 542 1 1 5519 Main5
333 465 1 1 5426 Main5
305 482 1 1 5353 Main5
303 832 1 1 5851 Main5
61 436 1 1 5458 Main5
8 816 1 1 5890 Main5
88 485 1 1 5407 Main5
170 366 2 3 5382 Main5
116 304 2 3 5459 Main6
74 1395 1 1 6278 Main6
327 2485 2 3 7317 Main6
274 778 1 1 5899 Main6
102 425 1 1 5282 Main6
109 175 1 1 5372 Main6
120 123 1 1 5023 Main6
140 97 2 3 5010 Main6
200 359 2 3 5514 Main6
135 625 1 1 5499 Main6
14 284 1 1 5349 Main6
261 286 2 3 5482 Main6
302 803 2 2 6009 Main6
145 1056 1 1 6027 Main6
258 758 1 1 5886 Main6
84 370 2 3 5358 Main6
250 321 2 2 5206 Main6
263 795 2 3 5707 Main6
199 410 1 1 5321 Main6
64 26 1 1 5156 Main6
176 319 2 3 5328 Main6
46 1582 2 3 6755 Main6
161 577 1 1 5609 Main6
300 202 2 2 5060 Main6
357 225 2 3 5206 Main6
335 323 1 1 5166 Main6
47 397 2 2 5311 Main6
314 296 1 1 5202 Main6
94 969 1 1 6195 Main6
134 1104 1 1 5978 Main6
100 1354 2 3 6465 Main6
358 665 1 1 5866 Main6
213 772 1 1 5753 Main6
136 1056 2 3 6003 Main6
272 621 2 3 5549 Main6
337 227 2 3 5090 Main6
96 452 1 1 5640 Main6
35 1061 1 1 6013 Main6
185 934 1 1 5977 Main6
27 764 2 3 5607 Main6
280 624 2 3 5700 Main6
171 358 2 3 5321 Main6
112 2 2 2 4980 Main6
36 301 1 1 5130 Main6
170 1168 2 3 6178 Main6
347 443 1 1 5584 Main6
101 518 1 1 5411 Main6
54 580 2 3 5689 Main6
48 890 2 2 5825 Main6
333 1282 2 2 6342 Main6
296 679 2 3 5582 Main6
293 4063 2 3 9282 Main6
17 512 2 3 5701 Main6
239 527 2 3 5714 Main6
159 2099 2 3 7230 Main6
201 423 2 3 5540 Main6
203 938 2 3 5965 Main6
139 2996 2 2 8031 Main6
315 801 1 1 5754 Main6
240 686 1 1 5694 Main6
