47 902 1 1 6182 Main1
215 365 2 2 5412 Main1
12 551 2 2 5654 Main1
29 72 2 3 5055 Main1
299 1112 2 3 6329 Main1
280 303 1 1 5288 Main1
293 746 2 3 5954 Main1
161 10000 3 1 15005 Main1
152 431 1 1 5644 Main1
146 686 1 1 5746 Main1
52 481 2 2 5615 Main1
284 466 2 3 5484 Main1
329 952 2 3 6155 Main1
301 391 1 1 5570 Main1
324 288 2 2 5194 Main1
332 308 2 2 5339 Main1
172 13 2 2 4960 Main1
335 151 2 2 5358 Main1
192 354 1 1 5556 Main1
296 682 2 2 5891 Main1
116 540 2 2 5649 Main1
126 493 2 3 5694 Main1
51 279 2 3 5504 Main1
54 620 2 3 5828 Main1
334 495 2 3 5684 Main1
307 94 2 2 5144 Main1
68 10000 3 1 15055 Main1
208 678 2 3 5938 Main1
46 1095 1 1 6170 Main1
202 490 1 1 5399 Main1
217 159 1 1 5080 Main1
184 339 2 2 5370 Main1
304 415 2 2 5364 Main1
325 134 1 1 5261 Main1
267 2 2 3 4942 Main1
279 389 2 3 5310 Main1
32 1105 1 1 6364 Main1
149 380 2 3 5385 Main1
228 505 1 1 5519 Main1
28 1097 1 1 6357 Main1
259 628 2 3 5593 Main1
323 329 2 3 5458 Main1
351 50 2 3 4997 Main1
118 10000 3 1 15226 Main1
33 659 2 3 5917 Main1
92 1774 1 1 6680 Main1
233 226 2 2 5188 Main1
110 468 2 3 5600 Main1
30 386 2 3 5638 Main1
158 703 2 3 5689 Main1
196 10000 3 1 15013 Main1
261 6786 1 1 11680 Main1
97 87 2 3 5362 Main1
180 525 2 2 5469 Main1
17 113 2 3 5033 Main1
241 10000 3 1 14953 Main1
295 4364 1 1 9374 Main1
139 4418 2 3 9616 Main1
234 1050 2 3 6145 Main1
167 569 2 3 5490 Main1
323 832 2 3 5909 Main2
71 1348 2 2 6465 Main2
248 925 2 3 6080 Main2
249 785 1 1 5937 Main2
293 762 2 3 6032 Main2
36 755 1 1 5770 Main2
123 692 2 3 5576 Main2
225 605 1 1 5743 Main2
148 680 2 2 5570 Main2
283 781 2 2 6052 Main2
239 514 2 2 5703 Main2
176 474 2 2 5508 Main2
334 1110 2 2 6068 Main2
260 368 2 3 5581 Main2
109 705 2 2 5938 Main2
37 485 1 1 5461 Main2
296 2398 2 3 7410 Main2
128 1004 2 3 5919 Main2
201 507 1 1 5531 Main2
328 535 2 2 5476 Main2
227 843 1 1 6096 Main2
350 274 2 3 5497 Main2
58 492 2 2 5569 Main2
126 715 1 1 5851 Main2
144 331 2 2 5349 Main2
198 666 2 3 5838 Main2
156 572 1 1 5684 Main2
66 463 1 1 5727 Main2
74 542 2 3 5452 Main2
77 280 2 2 5409 Main2
302 393 2 2 5316 Main2
46 348 1 1 5623 Main2
330 722 2 2 5665 Main2
9 2086 1 1 6992 Main2
282 796 2 3 5912 Main2
196 495 2 2 5503 Main2
137 402 2 3 5594 Main2
287 558 2 3 5514 Main2
305 600 2 3 5800 Main2
167 282 2 3 5558 Main2
237 371 1 1 5383 Main2
281 391 1 1 5452 Main2
18 830 2 2 5929 Main2
264 542 1 1 5722 Main2
55 783 1 1 5969 Main2
344 1426 2 2 6389 Main2
292 382 1 1 5652 Main2
99 350 1 1 5542 Main2
28 364 2 2 5601 Main2
38 829 2 3 5968 Main2
171 372 1 1 5476 Main2
4 678 1 1 5727 Main2
81 522 1 1 5601 Main2
132 485 1 1 5512 Main2
274 361 1 1 5504 Main2
236 508 1 1 5716 Main2
186 301 1 1 5201 Main2
266 826 1 1 5958 Main2
169 2250 2 2 7213 Main2
291 666 2 3 5665 Main2
144 1335 1 1 6284 Main3
80 396 2 3 5393 Main3
340 433 2 3 5644 Main3
67 809 2 3 6072 Main3
348 334 1 1 5537 Main3
292 835 2 3 5766 Main3
193 388 1 1 5630 Main3
113 329 2 3 5296 Main3
280 426 1 1 5354 Main3
153 300 1 1 5220 Main3
291 468 2 3 5360 Main3
132 455 2 3 5626 Main3
286 369 2 3 5626 Main3
55 271 1 1 5488 Main3
120 1108 1 1 6017 Main3
266 802 1 1 6017 Main3
58 311 2 2 5296 Main3
276 278 1 1 5394 Main3
351 1005 2 3 6216 Main3
281 628 2 3 5677 Main3
116 430 1 1 5452 Main3
282 409 2 3 5608 Main3
252 400 1 1 5459 Main3
303 301 1 1 5470 Main3
295 770 1 1 5735 Main3
310 604 1 1 5563 Main3
131 661 2 3 5861 Main3
35 2495 2 3 7349 Main3
95 290 2 3 5239 Main3
179 332 1 1 5404 Main3
62 296 1 1 5346 Main3
15 235 1 1 5534 Main3
177 182 1 1 5405 Main3
342 197 2 3 5318 Main3
56 195 1 1 5182 Main3
243 750 1 1 5950 Main3
307 484 1 1 5558 Main3
85 287 1 1 5181 Main3
326 13 1 1 4897 Main3
190 218 1 1 5438 Main3
154 295 1 1 5295 Main3
103 556 2 3 5467 Main3
79 405 2 3 5580 Main3
313 1056 2 3 6140 Main3
73 318 2 3 5434 Main3
269 447 2 2 5417 Main3
89 256 2 2 5277 Main3
356 1732 1 1 6869 Main3
272 2111 1 1 7227 Main3
245 459 1 1 5597 Main3
7 259 1 1 5429 Main3
208 277 2 2 5453 Main3
333 532 2 3 5529 Main3
233 337 1 1 5253 Main3
289 416 2 3 5347 Main3
197 270 1 1 5383 Main3
222 296 1 1 5201 Main3
165 489 1 1 5417 Main3
360 311 1 1 5513 Main3
156 384 1 1 5515 Main3
272 783 2 3 5881 Main4
342 357 1 1 5602 Main4
65 557 2 3 5507 Main4
166 358 1 1 5305 Main4
185 835 1 1 5884 Main4
240 511 1 1 5782 Main4
310 648 1 1 5794 Main4
109 457 2 2 5420 Main4
194 674 2 3 5845 Main4
168 1071 1 1 6066 Main4
28 4021 2 2 9127 Main4
132 816 1 1 5710 Main4
46 2769 1 1 7775 Main4
71 286 1 1 5363 Main4
35 956 1 1 5940 Main4
103 272 1 1 5325 Main4
98 404 2 2 5585 Main4
93 537 2 3 5584 Main4
41 268 1 1 5418 Main4
122 196 1 1 5342 Main4
267 235 2 3 5296 Main4
354 365 1 1 5566 Main4
13 280 1 1 5415 Main4
151 333 1 1 5510 Main4
318 581 1 1 5723 Main4
193 386 1 1 5534 Main4
277 268 1 1 5453 Main4
69 389 1 1 5647 Main4
314 398 1 1 5361 Main4
268 1532 2 2 6762 Main4
207 660 2 2 5652 Main4
78 396 1 1 5572 Main4
317 302 1 1 5317 Main4
159 476 1 1 5365 Main4
349 409 1 1 5643 Main4
100 312 2 3 5433 Main4
135 1034 2 2 5912 Main4
322 301 1 1 5257 Main4
309 271 1 1 5246 Main4
37 326 1 1 5434 Main4
173 550 2 3 5483 Main4
182 704 2 3 5896 Main4
200 368 2 2 5325 Main4
285 714 2 3 5889 Main4
43 316 1 1 5485 Main4
177 300 1 1 5442 Main4
32 279 2 2 5399 Main4
58 121 2 2 5038 Main4
81 285 1 1 5344 Main4
17 580 1 1 5450 Main4
320 818 2 3 5946 Main4
117 389 2 2 5505 Main4
302 251 2 2 5353 Main4
192 1031 2 2 6168 Main4
183 854 2 3 6023 Main4
155 321 1 1 5288 Main4
18 1102 2 3 6208 Main4
75 730 1 1 5816 Main4
5 267 1 1 5282 Main4
281 257 1 1 5343 Main4
209 387 2 2 5517 Main5
173 264 2 3 5399 Main5
24 1164 2 2 6204 Main5
216 504 1 1 5669 Main5
71 183 1 1 5092 Main5
297 3614 2 2 8510 Main5
266 352 2 2 5369 Main5
20 228 2 3 5482 Main5
91 370 1 1 5359 Main5
257 1505 2 3 6577 Main5
1 279 1 1 5414 Main5
32 205 1 1 5139 Main5
156 305 1 1 5313 Main5
347 303 1 1 5236 Main5
250 164 1 1 5283 Main5
120 316 1 1 5370 Main5
118 242 2 2 5390 Main5
258 278 1 1 5323 Main5
248 1444 2 3 6661 Main5
82 353 1 1 5263 Main5
298 43 2 2 5062 Main5
28 426 2 2 5456 Main5
247 1053 1 1 6272 Main5
54 352 1 1 5268 Main5
256 314 2 2 5409 Main5
240 290 1 1 5540 Main5
291 328 1 1 5356 Main5
21 476 2 3 5353 Main5
199 473 2 2 5499 Main5
36 281 1 1 5507 Main5
276 274 1 1 5244 Main5
206 630 1 1 5846 Main5
334 1569 1 1 6750 Main5
86 612 2 2 5810 Main5
108 255 1 1 5392 Main5
137 531 1 1 5787 Main5
263 716 1 1 5788 Main5
202 521 1 1 5514 Main5
301 337 1 1 5433 Main5
183 296 1 1 5208 Main5
358 324 2 2 5305 Main5
273 650 1 1 5769 Main5
132 441 1 1 5606 Main5
211 533 2 3 5790 Main5
119 500 2 2 5735 Main5
56 1603 2 2 6716 Main5
201 856 1 1 5871 Main5
342 308 1 1 5485 Main5
37 291 2 3 5527 Main5
2 906 2 3 5843 Main5
121 332 1 1 5307 Main5
356 392 1 1 5432 Main5
112 240 2 3 5349 Main5
18 477 1 1 5438 Main5
217 1416 2 3 6600 Main5
46 297 2 2 5175 Main5
16 2482 2 3 7616 Main5
104 333 2 3 5466 Main5
337 79 2 3 5187 Main5
265 629 2 3 5597 Main5
41 283 2 3 5360 Main6
102 379 1 1 5587 Main6
46 309 2 3 5501 Main6
179 302 2 2 5475 Main6
353 303 1 1 5191 Main6
20 70 2 3 5041 Main6
176 255 1 1 5365 Main6
356 348 2 2 5625 Main6
89 390 1 1 5532 Main6
212 406 2 3 5587 Main6
103 1491 2 2 6426 Main6
6 397 1 1 5399 Main6
331 346 1 1 5364 Main6
24 269 2 3 5312 Main6
93 678 2 3 5848 Main6
338 619 2 3 5516 Main6
175 498 2 2 5496 Main6
355 674 2 2 5806 Main6
70 2735 2 2 7690 Main6
157 465 2 3 5567 Main6
259 772 2 2 5871 Main6
245 1353 2 3 6450 Main6
19 978 2 3 5878 Main6
60 1136 1 1 6203 Main6
200 252 2 2 5192 Main6
170 270 2 3 5293 Main6
118 14 2 2 4950 Main6
193 449 2 3 5425 Main6
234 287 2 3 5180 Main6
63 271 2 3 5484 Main6
9 288 1 1 5262 Main6
173 333 1 1 5264 Main6
87 215 1 1 5138 Main6
67 388 2 2 5502 Main6
268 280 2 2 5536 Main6
80 301 2 2 5367 Main6
156 242 1 1 5281 Main6
317 396 1 1 5565 Main6
293 936 1 1 5978 Main6
359 223 2 2 5236 Main6
132 1194 1 1 6396 Main6
351 515 1 1 5769 Main6
235 647 1 1 5526 Main6
111 300 2 3 5266 Main6
143 330 2 3 5249 Main6
297 437 2 2 5458 Main6
52 362 2 3 5554 Main6
113 475 2 3 5464 Main6
207 427 2 2 5453 Main6
79 197 2 2 5227 Main6
254 652 2 3 5599 Main6
168 223 1 1 5093 Main6
329 756 1 1 5882 Main6
291 301 2 3 5354 Main6
208 294 2 2 5397 Main6
48 1474 1 1 6680 Main6
183 903 2 3 5927 Main6
306 394 1 1 5541 Main6
108 701 1 1 5647 Main6
357 331 2 2 5242 Main6
