24 5259 2 2 10543 Main1
43 7271 1 1 12488 Main1
174 501 2 2 5750 Main1
116 731 1 1 5633 Main1
220 379 1 1 5554 Main1
84 269 2 2 5431 Main1
98 5 1 1 5220 Main1
91 287 1 1 5247 Main1
126 386 1 1 5647 Main1
233 591 2 2 5737 Main1
204 357 2 2 5563 Main1
327 414 2 2 5557 Main1
189 324 1 1 5393 Main1
222 284 1 1 5491 Main1
206 477 2 3 5663 Main1
285 491 2 2 5716 Main1
139 595 2 3 5784 Main1
134 879 2 3 5901 Main1
60 394 2 3 5552 Main1
70 674 1 1 5709 Main1
75 2985 1 1 8167 Main1
63 596 1 1 5541 Main1
12 617 2 2 5728 Main1
194 226 1 1 5206 Main1
359 486 2 3 5513 Main1
185 287 1 1 5426 Main1
245 299 1 1 5277 Main1
34 98 1 1 5152 Main1
131 1480 2 2 6555 Main1
235 409 2 2 5420 Main1
230 435 2 3 5649 Main1
309 2181 1 1 7460 Main1
30 563 2 3 5667 Main1
170 558 2 3 5804 Main1
273 537 1 1 5507 Main1
291 667 2 2 5654 Main1
177 790 2 2 6015 Main1
6 675 1 1 5766 Main1
40 671 1 1 5657 Main1
238 863 2 3 5869 Main1
26 677 2 3 5778 Main1
328 615 2 3 5696 Main1
274 557 1 1 5797 Main1
302 715 1 1 5905 Main1
203 616 2 2 5785 Main1
320 496 2 3 5519 Main1
201 586 2 2 5588 Main1
198 940 2 3 5887 Main1
49 550 2 3 5700 Main1
51 650 2 2 5810 Main1
294 639 2 2 5516 Main1
242 786 2 3 5838 Main1
15 682 2 2 5653 Main1
111 614 1 1 5550 Main1
162 737 2 2 5729 Main1
255 591 2 2 5532 Main1
241 605 1 1 5855 Main1
279 487 1 1 5495 Main1
14 611 2 2 5623 Main1
297 509 2 2 5751 Main1
249 604 1 1 5842 Main2
132 488 2 2 5553 Main2
27 480 2 2 5409 Main2
288 605 2 2 5624 Main2
66 671 1 1 5671 Main2
77 422 2 3 5453 Main2
221 531 2 2 5794 Main2
189 608 1 1 5865 Main2
331 741 1 1 5940 Main2
131 658 2 2 5877 Main2
40 539 1 1 5754 Main2
5 522 1 1 5668 Main2
284 641 2 2 5864 Main2
114 477 2 2 5456 Main2
275 631 1 1 5681 Main2
303 582 1 1 5678 Main2
339 437 1 1 5600 Main2
305 641 1 1 5531 Main2
295 633 1 1 5769 Main2
309 532 1 1 5745 Main2
306 439 1 1 5508 Main2
243 372 1 1 5562 Main2
273 532 1 1 5531 Main2
175 1233 2 2 6286 Main2
307 780 2 3 5752 Main2
69 420 1 1 5577 Main2
352 537 2 2 5627 Main2
128 492 1 1 5434 Main2
244 685 1 1 5755 Main2
141 635 2 2 5662 Main2
18 699 2 2 5682 Main2
211 873 1 1 5960 Main2
230 681 2 3 5661 Main2
304 671 1 1 5875 Main2
149 906 2 2 6024 Main2
73 1373 2 2 6522 Main2
85 607 1 1 5741 Main2
312 348 2 2 5467 Main2
135 562 2 2 5521 Main2
154 918 1 1 5825 Main2
202 728 2 2 5801 Main2
8 537 1 1 5453 Main2
167 394 2 3 5443 Main2
324 419 2 2 5532 Main2
321 549 2 2 5468 Main2
212 498 2 2 5428 Main2
257 750 2 3 5731 Main2
166 995 2 2 5890 Main2
346 540 2 3 5757 Main2
150 660 2 2 5602 Main2
182 674 2 2 5941 Main2
113 396 2 2 5659 Main2
13 605 2 2 5745 Main2
333 458 1 1 5334 Main2
231 512 2 2 5643 Main2
102 274 2 2 5326 Main2
41 499 2 2 5608 Main2
134 648 2 2 5575 Main2
344 684 2 2 5698 Main2
314 496 2 2 5379 Main2
317 1062 2 3 6214 Main3
45 501 2 2 5468 Main3
15 534 2 2 5532 Main3
162 2025 2 2 6912 Main3
154 385 1 1 5471 Main3
221 693 2 2 5905 Main3
148 519 2 3 5569 Main3
128 576 1 1 5495 Main3
187 733 2 3 5689 Main3
353 887 2 2 5984 Main3
298 1253 2 3 6453 Main3
135 1002 2 2 5908 Main3
1 662 2 3 5735 Main3
238 794 2 3 5739 Main3
281 730 2 2 5743 Main3
306 422 1 1 5576 Main3
268 457 2 3 5529 Main3
177 568 2 2 5788 Main3
123 523 1 1 5782 Main3
181 1619 1 1 6760 Main3
98 522 1 1 5693 Main3
337 396 2 3 5458 Main3
53 602 2 2 5689 Main3
30 326 2 3 5288 Main3
296 457 2 3 5515 Main3
20 544 2 3 5790 Main3
184 474 1 1 5740 Main3
188 609 1 1 5506 Main3
7 438 2 3 5681 Main3
113 600 2 2 5804 Main3
166 573 2 3 5610 Main3
263 694 2 2 5731 Main3
288 295 2 2 5284 Main3
215 428 1 1 5309 Main3
100 406 1 1 5626 Main3
173 391 2 2 5587 Main3
237 362 2 2 5341 Main3
302 861 2 2 6104 Main3
164 624 2 2 5699 Main3
111 443 2 2 5351 Main3
198 326 2 2 5416 Main3
142 397 2 2 5291 Main3
195 521 2 2 5785 Main3
197 516 2 3 5409 Main3
355 482 2 2 5681 Main3
227 3746 2 3 8924 Main3
233 713 2 2 5759 Main3
78 190 2 2 5481 Main3
46 331 2 3 5408 Main3
240 291 2 3 5225 Main3
41 419 2 2 5575 Main3
269 602 2 3 5645 Main3
107 989 2 3 6082 Main3
110 1090 2 3 6063 Main3
254 526 2 2 5718 Main3
301 287 1 1 5355 Main3
134 518 2 2 5577 Main3
217 205 2 3 5155 Main3
14 308 2 2 5265 Main3
125 393 1 1 5325 Main3
289 440 2 3 5408 Main4
279 454 1 1 5733 Main4
181 478 1 1 5499 Main4
183 465 1 1 5644 Main4
263 562 2 2 5522 Main4
175 293 2 2 5402 Main4
48 686 2 2 5918 Main4
245 563 1 1 5724 Main4
161 1025 2 2 6277 Main4
68 555 1 1 5464 Main4
266 512 2 3 5783 Main4
54 760 2 2 5675 Main4
157 282 2 2 5448 Main4
225 441 2 3 5446 Main4
258 592 2 2 5532 Main4
91 662 1 1 5744 Main4
239 750 1 1 5762 Main4
21 530 2 2 5780 Main4
110 546 2 3 5599 Main4
61 825 1 1 5745 Main4
284 639 2 2 5898 Main4
125 280 2 2 5243 Main4
67 724 2 2 5628 Main4
342 553 2 2 5581 Main4
164 358 2 2 5246 Main4
29 379 2 3 5590 Main4
36 623 1 1 5866 Main4
142 519 2 2 5786 Main4
324 384 2 2 5432 Main4
344 591 2 2 5510 Main4
26 739 2 3 5739 Main4
307 563 2 2 5636 Main4
275 556 1 1 5518 Main4
95 377 1 1 5289 Main4
232 702 2 2 5647 Main4
331 493 1 1 5724 Main4
50 195 2 3 5452 Main4
337 301 2 2 5486 Main4
25 418 2 2 5542 Main4
134 413 2 2 5380 Main4
104 463 2 2 5562 Main4
109 616 2 3 5720 Main4
42 549 2 2 5822 Main4
57 617 2 3 5748 Main4
204 506 2 2 5754 Main4
208 197 2 3 5300 Main4
138 136 2 3 5349 Main4
191 359 2 2 5372 Main4
17 542 2 3 5744 Main4
207 385 2 2 5433 Main4
153 797 1 1 5738 Main4
339 1020 1 1 5927 Main4
334 805 1 1 5744 Main4
193 496 2 2 5632 Main4
180 370 2 3 5305 Main4
44 444 2 2 5362 Main4
173 589 2 2 5698 Main4
127 1150 2 2 6198 Main4
286 487 2 3 5500 Main4
328 310 2 3 5310 Main4
216 484 1 1 5382 Main5
113 329 2 2 5386 Main5
48 495 2 2 5465 Main5
226 408 2 3 5343 Main5
340 575 1 1 5481 Main5
100 229 1 1 5378 Main5
341 211 2 2 5205 Main5
262 582 2 2 5541 Main5
360 289 2 3 5454 Main5
354 212 2 2 5209 Main5
29 283 2 3 5316 Main5
153 1034 1 1 6262 Main5
34 33 1 1 5279 Main5
349 39 2 3 5269 Main5
202 374 2 2 5482 Main5
168 360 2 2 5410 Main5
114 83 2 2 5328 Main5
20 288 2 3 5525 Main5
82 381 2 2 5399 Main5
358 300 2 3 5206 Main5
171 261 2 2 5224 Main5
56 332 2 3 5509 Main5
261 386 2 2 5564 Main5
22 102 2 2 4995 Main5
21 377 2 2 5489 Main5
184 194 1 1 5272 Main5
157 478 2 2 5417 Main5
204 829 2 2 6092 Main5
71 410 2 2 5486 Main5
292 438 2 2 5514 Main5
152 605 2 2 5604 Main5
335 6 1 1 5173 Main5
65 105 1 1 5321 Main5
167 358 2 3 5441 Main5
103 317 2 2 5441 Main5
325 246 2 2 5496 Main5
246 4404 1 1 9478 Main5
9 364 1 1 5248 Main5
353 331 2 2 5369 Main5
23 209 2 2 5102 Main5
221 91 2 2 5244 Main5
323 736 2 2 5696 Main5
75 50 2 2 5252 Main5
35 202 1 1 5340 Main5
332 385 2 2 5304 Main5
231 9 2 2 4979 Main5
268 213 2 3 5470 Main5
250 386 1 1 5534 Main5
266 343 2 3 5468 Main5
42 301 2 2 5543 Main5
337 337 2 2 5322 Main5
173 381 2 2 5536 Main5
85 587 2 2 5510 Main5
220 231 1 1 5308 Main5
12 241 2 2 5164 Main5
189 65 1 1 5110 Main5
196 36 2 3 4970 Main5
322 1 2 2 5111 Main5
175 832 1 1 5818 Main5
17 30 2 3 5221 Main5
77 2245 2 3 7164 Main6
50 25 2 3 5115 Main6
6 30 1 1 5008 Main6
93 26 1 1 4918 Main6
186 29 1 1 5204 Main6
47 29 2 3 5280 Main6
151 30 1 1 5098 Main6
61 30 1 1 4952 Main6
46 21 2 3 4903 Main6
81 8 2 2 5208 Main6
236 3154 2 3 8090 Main6
22 13 2 2 5215 Main6
351 29 2 2 5183 Main6
261 28 2 2 5123 Main6
153 30 1 1 4954 Main6
109 3647 2 3 8862 Main6
358 211 2 3 5384 Main6
311 544 2 2 5770 Main6
229 917 2 3 5992 Main6
134 382 2 2 5390 Main6
1 338 1 1 5354 Main6
195 934 2 2 5936 Main6
349 416 2 3 5553 Main6
3 831 1 1 5831 Main6
339 481 1 1 5546 Main6
4 1540 1 1 6730 Main6
260 94 2 2 5329 Main6
308 1189 1 1 6440 Main6
119 1128 1 1 6049 Main6
161 1137 2 2 6281 Main6
274 227 1 1 5255 Main6
57 80 2 2 5216 Main6
238 380 2 3 5520 Main6
173 521 2 2 5438 Main6
344 348 2 2 5343 Main6
235 413 2 2 5655 Main6
165 300 2 2 5372 Main6
233 527 2 2 5629 Main6
54 358 2 2 5419 Main6
231 473 2 2 5594 Main6
154 294 1 1 5470 Main6
353 240 2 2 5532 Main6
215 920 1 1 5903 Main6
23 185 2 2 5076 Main6
316 248 2 3 5421 Main6
350 738 2 3 5886 Main6
160 352 1 1 5579 Main6
219 2206 1 1 7362 Main6
124 1237 1 1 6136 Main6
141 515 2 2 5526 Main6
196 1650 2 3 6762 Main6
145 1282 2 2 6466 Main6
189 738 1 1 5650 Main6
328 305 2 3 5471 Main6
223 472 2 2 5646 Main6
256 746 2 3 5729 Main6
292 657 2 2 5632 Main6
2 357 2 2 5476 Main6
44 530 2 2 5429 Main6
129 220 1 1 5168 Main6
