220 10000 3 1 15205 Main1
88 10000 3 1 14835 Main1
160 10000 3 1 14943 Main1
66 10000 3 1 15215 Main1
209 10000 3 1 15003 Main1
4 10000 3 1 14845 Main1
197 10000 3 1 15203 Main1
61 10000 3 1 14903 Main1
86 10000 3 1 15211 Main1
34 10000 3 1 14841 Main1
229 10000 3 1 15031 Main1
260 10000 3 1 14877 Main1
186 10000 3 1 15067 Main1
184 10000 3 1 15207 Main1
357 10000 3 1 14993 Main1
176 10000 3 1 15050 Main1
263 10000 3 1 15114 Main1
22 10000 3 1 15018 Main1
170 10000 3 1 15088 Main1
236 10000 3 1 14883 Main1
177 10000 3 1 14889 Main1
201 10000 3 1 15215 Main1
52 10000 3 1 15093 Main1
276 10000 3 1 15013 Main1
50 10000 3 1 14865 Main1
308 10000 3 1 14905 Main1
194 10000 3 1 15084 Main1
101 10000 3 1 15187 Main1
163 10000 3 1 15171 Main1
268 10000 3 1 15214 Main1
105 10000 3 1 14931 Main1
62 10000 3 1 15100 Main1
174 10000 3 1 15177 Main1
125 10000 3 1 14852 Main1
272 10000 3 1 14873 Main1
204 10000 3 1 14904 Main1
107 10000 3 1 15058 Main1
17 10000 3 1 15155 Main1
7 10000 3 1 15584 Main1
241 10000 3 1 15132 Main1
252 10000 3 1 15106 Main1
249 10000 3 1 14903 Main1
314 10000 3 1 15114 Main1
290 10000 3 1 14910 Main1
164 10000 3 1 14992 Main1
248 10000 3 1 14921 Main1
19 10000 3 1 15112 Main1
77 10000 3 1 15128 Main1
319 10000 3 1 14881 Main1
98 10000 3 1 14939 Main1
234 10000 3 1 14920 Main1
13 10000 3 1 15141 Main1
145 10000 3 1 15209 Main1
327 10000 3 1 14950 Main1
310 10000 3 1 16490 Main1
162 10000 3 1 18000 Main1
112 10000 3 1 17003 Main1
154 10000 3 1 17000 Main1
43 10000 3 1 18000 Main1
180 10000 3 1 15806 Main1
78 10000 3 1 16714 Main2
56 10000 3 1 18002 Main2
220 10000 3 1 18001 Main2
159 10000 3 1 16003 Main2
149 10000 3 1 14855 Main2
133 10000 3 1 14895 Main2
238 10000 3 1 15143 Main2
256 10000 3 1 14915 Main2
107 10000 3 1 15211 Main2
268 10000 3 1 15090 Main2
281 10000 3 1 14999 Main2
207 10000 3 1 14834 Main2
352 10000 3 1 14906 Main2
87 10000 3 1 14965 Main2
113 10000 3 1 14850 Main2
172 10000 3 1 14856 Main2
1 10000 3 1 14984 Main2
90 10000 3 1 15160 Main2
213 10000 3 1 14914 Main2
108 10000 3 1 14896 Main2
203 10000 3 1 14927 Main2
55 10000 3 1 15064 Main2
223 10000 3 1 14999 Main2
12 10000 3 1 15177 Main2
335 10000 3 1 14903 Main2
296 10000 3 1 15127 Main2
171 10000 3 1 15205 Main2
218 10000 3 1 15061 Main2
31 10000 3 1 14974 Main2
359 10000 3 1 15180 Main2
49 10000 3 1 15222 Main2
157 10000 3 1 14993 Main2
20 10000 3 1 15033 Main2
312 10000 3 1 15136 Main2
175 10000 3 1 15052 Main2
330 10000 3 1 14847 Main2
252 10000 3 1 14917 Main2
9 10000 3 1 14992 Main2
132 10000 3 1 15099 Main2
316 10000 3 1 15121 Main2
231 10000 3 1 15916 Main2
84 10000 3 1 15016 Main2
324 10000 3 1 14943 Main2
311 10000 3 1 14873 Main2
300 10000 3 1 15119 Main2
305 10000 3 1 14861 Main2
212 10000 3 1 14992 Main2
69 10000 3 1 14895 Main2
19 10000 3 1 15144 Main2
158 10000 3 1 14952 Main2
7 10000 3 1 14965 Main2
39 10000 3 1 14887 Main2
341 10000 3 1 16002 Main2
75 10000 3 1 14960 Main2
343 10000 3 1 15442 Main2
53 10000 3 1 15176 Main2
295 10000 3 1 15210 Main2
227 10000 3 1 14871 Main2
115 10000 3 1 15069 Main2
46 10000 3 1 15111 Main2
176 10000 3 1 15469 Main3
285 10000 3 1 14899 Main3
211 10000 3 1 14891 Main3
38 10000 3 1 14915 Main3
152 10000 3 1 14879 Main3
105 10000 3 1 15115 Main3
94 10000 3 1 14969 Main3
164 10000 3 1 15122 Main3
296 10000 3 1 15189 Main3
11 10000 3 1 14989 Main3
331 10000 3 1 14894 Main3
302 10000 3 1 14946 Main3
290 10000 3 1 14983 Main3
272 10000 3 1 15105 Main3
133 10000 3 1 15051 Main3
24 10000 3 1 14981 Main3
305 10000 3 1 14942 Main3
69 10000 3 1 15178 Main3
307 10000 3 1 15107 Main3
289 10000 3 1 14859 Main3
33 10000 3 1 15008 Main3
231 10000 3 1 40200 Main3
89 10000 3 1 16424 Main3
316 10000 3 1 45825 Main3
49 3880 1 1 29834 Main3
243 10000 3 1 15027 Main3
340 10000 3 1 15176 Main3
117 469 2 2 5500 Main3
148 606 2 3 5789 Main3
324 450 2 2 5357 Main3
286 78 2 3 5073 Main3
188 436 1 1 5329 Main3
352 273 1 1 5433 Main3
356 10000 3 1 15135 Main3
144 718 2 2 5670 Main3
107 470 2 3 5286 Main3
184 424 2 2 5274 Main3
336 491 1 1 5431 Main3
98 557 2 2 5654 Main3
281 616 2 2 5431 Main3
238 415 2 2 5334 Main3
59 314 2 3 5522 Main3
154 483 1 1 5496 Main3
228 306 2 3 5312 Main3
141 556 1 1 5631 Main3
95 479 2 3 5291 Main3
151 440 1 1 5529 Main3
48 329 2 2 5484 Main3
92 543 1 1 5634 Main3
179 399 2 2 5403 Main3
29 453 2 3 5557 Main3
180 513 2 3 5595 Main3
293 428 1 1 5487 Main3
19 536 2 2 5468 Main3
162 497 2 2 5691 Main3
194 463 1 1 5392 Main3
189 402 2 2 5603 Main3
205 415 2 2 5501 Main3
112 463 2 2 5594 Main3
199 78 2 3 4985 Main3
140 744 2 3 5740 Main4
50 333 2 3 5488 Main4
162 463 2 2 5674 Main4
238 360 2 3 5223 Main4
260 685 1 1 5608 Main4
173 665 2 2 5667 Main4
323 880 1 1 5757 Main4
30 10000 3 1 15036 Main4
102 470 2 2 5353 Main4
303 10000 3 1 15109 Main4
168 4044 2 2 8935 Main4
286 381 2 2 5432 Main4
192 825 2 3 5908 Main4
156 10000 3 1 15099 Main4
255 2528 2 2 7710 Main4
123 71 2 3 4997 Main4
241 809 2 2 6016 Main4
309 428 2 3 5546 Main4
263 824 2 3 5949 Main4
264 543 2 2 5497 Main4
107 499 2 2 5668 Main4
41 2018 2 3 6849 Main4
203 631 2 3 5830 Main4
248 489 2 2 5482 Main4
352 550 2 2 5505 Main4
351 378 2 3 5238 Main4
56 445 2 2 5477 Main4
317 409 1 1 5606 Main4
112 642 2 2 5641 Main4
350 1007 2 2 5889 Main4
117 484 2 2 5469 Main4
273 837 1 1 5657 Main4
1 1481 2 3 6406 Main4
92 772 1 1 5807 Main4
212 605 2 2 5477 Main4
146 716 2 3 5810 Main4
342 547 1 1 5496 Main4
187 829 2 2 5946 Main4
69 991 2 2 6156 Main4
227 695 2 3 5516 Main4
189 1197 1 1 6384 Main4
88 408 2 2 5566 Main4
258 633 1 1 5743 Main4
176 768 2 3 5669 Main4
179 424 1 1 5595 Main4
357 545 2 2 5711 Main4
148 879 1 1 5849 Main4
160 914 1 1 5750 Main4
63 473 2 3 5398 Main4
65 613 2 2 5573 Main4
119 672 1 1 5589 Main4
144 485 2 3 5489 Main4
331 455 2 3 5630 Main4
296 556 2 3 5673 Main4
172 1994 2 3 6872 Main4
310 485 1 1 5476 Main4
87 515 2 2 5680 Main4
14 800 1 1 5669 Main4
305 423 2 2 5406 Main4
16 832 1 1 5807 Main4
69 688 2 3 5802 Main5
244 361 2 2 5399 Main5
88 2820 1 1 7757 Main5
297 708 2 2 5770 Main5
352 465 1 1 5438 Main5
213 454 2 2 5557 Main5
290 759 2 3 5767 Main5
122 475 2 2 5677 Main5
249 555 1 1 5578 Main5
119 489 2 2 5658 Main5
261 612 1 1 5587 Main5
47 451 2 3 5498 Main5
191 673 1 1 5817 Main5
344 821 2 2 5832 Main5
18 1904 2 2 6720 Main5
341 613 2 3 5706 Main5
118 712 1 1 5878 Main5
217 1275 2 2 6388 Main5
129 1253 2 2 6300 Main5
2 330 2 2 5425 Main5
166 872 2 2 6059 Main5
117 946 2 2 5871 Main5
114 1388 2 2 6523 Main5
202 1577 2 2 6779 Main5
93 2000 2 2 7154 Main5
163 1137 2 2 6363 Main5
265 554 2 2 5555 Main5
155 486 2 2 5496 Main5
243 397 2 3 5221 Main5
335 590 2 2 5456 Main5
190 457 2 2 5314 Main5
280 681 2 2 5743 Main5
329 10000 3 1 15012 Main5
339 10000 3 1 15012 Main5
134 2502 2 2 7558 Main5
232 543 2 2 5566 Main5
28 464 2 3 5443 Main5
49 763 2 2 5775 Main5
257 506 1 1 5581 Main5
237 518 2 2 5375 Main5
231 1747 2 3 6611 Main5
102 2339 2 3 7335 Main5
123 1553 2 3 6733 Main5
58 553 2 3 5430 Main5
11 666 2 3 5588 Main5
305 519 2 3 5410 Main5
77 454 2 3 5455 Main5
148 698 2 3 5797 Main5
157 1630 2 3 6597 Main5
161 501 2 3 5476 Main5
316 531 2 2 5403 Main5
127 738 2 3 5741 Main5
347 506 2 2 5612 Main5
292 359 2 2 5346 Main5
113 787 2 3 5616 Main5
167 714 2 2 5680 Main5
179 659 2 3 5732 Main5
315 123 2 2 5032 Main5
132 658 2 3 5508 Main5
259 10000 3 1 15201 Main5
51 10000 3 1 15180 Main6
359 10000 3 1 14901 Main6
86 1732 2 3 6865 Main6
69 937 2 3 6101 Main6
84 817 2 3 5907 Main6
358 1213 2 3 6049 Main6
245 1227 2 2 6329 Main6
264 1145 2 3 5977 Main6
291 1021 2 2 5969 Main6
40 971 2 3 6155 Main6
34 829 2 2 6035 Main6
65 608 2 3 5744 Main6
353 872 2 3 6007 Main6
76 769 2 2 5605 Main6
64 518 2 3 5729 Main6
54 951 2 2 6018 Main6
77 355 2 3 5498 Main6
182 763 2 3 5914 Main6
221 1031 2 3 5996 Main6
186 1319 2 3 6244 Main6
14 1029 2 3 5873 Main6
308 768 2 3 5610 Main6
252 1169 2 3 6195 Main6
179 1068 2 2 6159 Main6
38 1330 2 2 6240 Main6
8 1133 2 3 5983 Main6
225 607 2 2 5809 Main6
146 857 2 3 5840 Main6
73 1097 2 3 6039 Main6
92 1446 2 2 6457 Main6
187 634 2 3 5819 Main6
46 680 2 2 5677 Main6
170 781 2 3 5755 Main6
337 1018 2 2 6224 Main6
47 1257 2 3 6465 Main6
98 837 2 3 5741 Main6
317 1047 2 2 6008 Main6
286 745 2 2 5920 Main6
288 1543 2 2 6633 Main6
165 691 2 3 5868 Main6
150 1597 2 3 6793 Main6
15 1749 2 2 6956 Main6
335 851 2 3 5798 Main6
301 627 2 2 5720 Main6
113 2683 2 3 7565 Main6
279 988 2 2 6196 Main6
343 906 2 2 5958 Main6
112 1707 2 3 6775 Main6
2 634 2 3 5522 Main6
235 1127 2 2 6262 Main6
202 936 2 3 6022 Main6
274 567 2 3 5469 Main6
120 542 1 1 5432 Main6
231 505 2 2 5415 Main6
181 1010 2 2 5902 Main6
325 495 2 3 5441 Main6
258 580 2 3 5578 Main6
330 519 1 1 5703 Main6
216 650 2 2 5476 Main6
28 687 2 3 5797 Main6
