169 10000 3 1 15095 Main1
71 845 1 1 5795 Main1
27 839 2 3 5739 Main1
351 1137 2 2 6255 Main1
358 10000 3 1 15195 Main1
121 10000 3 1 15114 Main1
155 10000 3 1 14849 Main1
153 10000 3 1 15024 Main1
267 6342 2 2 11540 Main1
103 384 2 2 5421 Main1
301 10000 3 1 15107 Main1
193 10000 3 1 14914 Main1
323 10000 3 1 14940 Main1
108 10000 3 1 15104 Main1
209 10000 3 1 14915 Main1
211 10000 3 1 15102 Main1
73 10000 3 1 15042 Main1
174 10000 3 1 15070 Main1
41 10000 3 1 15016 Main1
159 10000 3 1 14891 Main1
309 10000 3 1 14842 Main1
133 5288 1 1 10164 Main1
349 10000 3 1 14931 Main1
136 2058 2 3 6916 Main1
219 10000 3 1 14937 Main1
62 1065 1 1 6101 Main1
38 1589 2 3 6582 Main1
348 714 2 3 5591 Main1
54 10000 3 1 14854 Main1
347 10000 3 1 14861 Main1
360 10000 3 1 14988 Main1
7 10000 3 1 15112 Main1
166 10000 3 1 15104 Main1
158 10000 3 1 15115 Main1
86 10000 3 1 14831 Main1
131 10000 3 1 15171 Main1
215 10000 3 1 15085 Main1
4 10000 3 1 14921 Main1
110 10000 3 1 15037 Main1
11 10000 3 1 15080 Main1
300 10000 3 1 15079 Main1
189 10000 3 1 15147 Main1
345 10000 3 1 14946 Main1
51 10000 3 1 14841 Main1
175 10000 3 1 15008 Main1
15 10000 3 1 14963 Main1
32 10000 3 1 14992 Main1
250 10000 3 1 14986 Main1
266 10000 3 1 14912 Main1
280 10000 3 1 15061 Main1
331 10000 3 1 14948 Main1
237 10000 3 1 15052 Main1
20 10000 3 1 14826 Main1
128 10000 3 1 14912 Main1
18 10000 3 1 15100 Main1
83 10000 3 1 15169 Main1
274 10000 3 1 14972 Main1
220 10000 3 1 15119 Main1
120 10000 3 1 15094 Main1
324 10000 3 1 15142 Main1
145 10000 3 1 15171 Main2
59 10000 3 1 15055 Main2
26 10000 3 1 14872 Main2
98 9516 2 3 14708 Main2
172 1047 2 2 6081 Main2
307 711 1 1 5801 Main2
167 879 2 3 6070 Main2
291 1441 2 2 6416 Main2
197 698 2 3 5519 Main2
204 1661 2 2 6662 Main2
99 733 1 1 5717 Main2
125 754 1 1 5809 Main2
116 1013 2 3 5872 Main2
134 1473 2 2 6320 Main2
344 1310 2 2 6296 Main2
352 537 2 2 5549 Main2
316 1296 2 3 6134 Main2
6 978 1 1 6015 Main2
32 545 1 1 5551 Main2
52 624 2 2 5725 Main2
130 1378 2 2 6459 Main2
191 586 2 2 5758 Main2
96 592 1 1 5430 Main2
160 827 1 1 5889 Main2
153 1323 2 3 6468 Main2
270 1380 2 3 6449 Main2
166 576 2 3 5516 Main2
50 720 2 2 5883 Main2
80 550 2 2 5667 Main2
272 615 1 1 5765 Main2
113 551 2 2 5745 Main2
19 896 2 3 5932 Main2
169 608 2 3 5535 Main2
187 1000 1 1 5961 Main2
38 760 1 1 5892 Main2
223 411 2 2 5506 Main2
321 816 2 2 5852 Main2
88 615 2 3 5717 Main2
320 577 2 3 5611 Main2
43 506 2 2 5429 Main2
239 1838 2 3 6800 Main2
278 652 1 1 5623 Main2
133 1226 2 3 6234 Main2
61 656 1 1 5862 Main2
176 664 1 1 5595 Main2
331 1839 1 1 6824 Main2
7 2282 2 3 7299 Main2
250 694 1 1 5780 Main2
346 559 2 3 5714 Main2
309 4983 2 2 9888 Main2
215 732 1 1 5594 Main2
255 752 2 2 5632 Main2
138 523 2 2 5398 Main2
71 897 2 2 5828 Main2
124 1188 2 3 6311 Main2
77 975 2 3 5849 Main2
117 1221 2 3 6379 Main2
84 842 2 2 5823 Main2
12 701 2 2 5618 Main2
42 1079 2 2 6014 Main2
347 595 2 3 5637 Main3
23 846 2 2 5951 Main3
308 1757 1 1 6670 Main3
124 1126 1 1 6010 Main3
212 1010 1 1 6134 Main3
210 1639 2 3 6608 Main3
24 1269 1 1 6280 Main3
51 1452 2 2 6335 Main3
42 1541 2 2 6545 Main3
297 1455 2 3 6373 Main3
59 499 2 3 5696 Main3
31 747 1 1 5609 Main3
162 937 2 2 5971 Main3
306 1719 1 1 6723 Main3
183 2829 1 1 7719 Main3
200 1051 2 3 6150 Main3
132 546 2 2 5467 Main3
284 1319 2 2 6454 Main3
75 506 2 2 5658 Main3
22 524 2 2 5591 Main3
133 887 2 2 5938 Main3
111 886 2 2 6024 Main3
307 1628 1 1 6778 Main3
120 1001 2 3 6176 Main3
187 589 1 1 5577 Main3
194 1699 2 2 6857 Main3
20 914 2 3 5919 Main3
335 1026 2 2 6139 Main3
291 1621 1 1 6671 Main3
159 930 1 1 5745 Main3
190 1947 1 1 7108 Main3
358 948 2 3 6033 Main3
26 781 2 3 5873 Main3
130 647 1 1 5699 Main3
279 614 1 1 5483 Main3
13 1393 2 2 6220 Main3
333 530 1 1 5477 Main3
289 1142 2 3 6034 Main3
97 787 1 1 5823 Main3
195 1668 2 2 6569 Main3
222 772 2 2 5917 Main3
207 2658 2 3 7658 Main3
287 1000 2 3 6090 Main3
72 2110 2 2 7052 Main3
184 1252 2 3 6182 Main3
151 2142 1 1 7271 Main3
62 707 1 1 5832 Main3
242 833 1 1 5875 Main3
117 679 2 3 5572 Main3
185 2039 2 3 7081 Main3
288 778 2 3 5934 Main3
167 3568 2 2 8469 Main3
125 1378 1 1 6369 Main3
292 3146 1 1 8301 Main3
140 816 2 3 5983 Main3
28 1123 2 3 6022 Main3
57 1107 2 3 5946 Main3
55 630 2 2 5469 Main3
240 637 2 3 5763 Main3
98 736 1 1 5555 Main3
81 3231 1 1 8201 Main4
293 1500 2 2 6417 Main4
194 2312 1 1 7384 Main4
34 1628 2 3 6497 Main4
279 1896 1 1 6797 Main4
112 1669 1 1 6589 Main4
359 622 2 3 5706 Main4
216 1249 1 1 6373 Main4
156 925 1 1 5776 Main4
319 1089 2 3 6099 Main4
241 1059 1 1 6044 Main4
178 921 2 3 5942 Main4
200 1031 2 3 5887 Main4
235 881 2 2 6001 Main4
215 2476 1 1 7569 Main4
143 833 2 2 5983 Main4
311 927 2 3 5904 Main4
297 983 2 3 5917 Main4
90 723 2 3 5726 Main4
251 901 2 2 5976 Main4
308 843 1 1 5879 Main4
240 765 2 3 5898 Main4
48 1428 2 3 6349 Main4
276 893 1 1 5806 Main4
88 918 2 3 6125 Main4
247 1039 2 3 5967 Main4
324 2459 2 2 7654 Main4
127 1003 1 1 5886 Main4
303 582 1 1 5780 Main4
116 1118 2 3 6024 Main4
29 821 2 3 5851 Main4
338 2942 2 3 8110 Main4
141 1564 1 1 6473 Main4
120 610 2 3 5592 Main4
68 1446 1 1 6414 Main4
333 647 1 1 5753 Main4
184 1683 1 1 6589 Main4
263 905 2 2 6069 Main4
32 816 1 1 5950 Main4
290 1903 2 3 6718 Main4
28 870 2 3 5773 Main4
236 614 2 3 5584 Main4
262 921 2 2 6003 Main4
177 449 2 3 5372 Main4
197 501 2 3 5322 Main4
174 1567 2 3 6716 Main4
3 815 2 3 5778 Main4
87 965 2 3 5913 Main4
79 757 2 3 5598 Main4
224 993 2 2 5810 Main4
205 844 2 2 5868 Main4
237 683 2 3 5723 Main4
227 845 2 3 5982 Main4
17 840 2 3 5862 Main4
36 818 1 1 5725 Main4
65 716 1 1 5805 Main4
107 4082 2 2 9040 Main4
148 471 2 3 5656 Main4
72 604 2 2 5530 Main4
30 645 2 3 5533 Main4
229 603 2 3 5446 Main5
29 867 2 3 5933 Main5
26 1039 2 3 6213 Main5
294 1111 2 2 5946 Main5
33 1211 1 1 6077 Main5
257 1197 2 3 6121 Main5
37 764 1 1 5890 Main5
306 3166 2 2 8188 Main5
189 2654 1 1 7535 Main5
1 1023 1 1 6116 Main5
186 1293 2 2 6441 Main5
93 736 1 1 5722 Main5
252 808 2 2 5637 Main5
133 1159 2 2 6043 Main5
71 791 2 2 5815 Main5
177 824 2 3 5722 Main5
34 822 1 1 5956 Main5
99 2287 2 2 7154 Main5
329 991 2 3 5841 Main5
112 1298 2 2 6486 Main5
89 671 2 3 5699 Main5
259 1158 2 3 6159 Main5
218 2495 1 1 7432 Main5
129 2067 1 1 7107 Main5
32 747 1 1 5862 Main5
40 1551 1 1 6755 Main5
202 1066 1 1 6215 Main5
340 2925 2 2 7796 Main5
67 2459 1 1 7456 Main5
160 851 1 1 6013 Main5
307 647 1 1 5852 Main5
360 2197 2 3 7144 Main5
76 1743 2 3 6847 Main5
281 1153 2 2 6187 Main5
200 877 2 3 5929 Main5
136 639 2 3 5615 Main5
185 604 1 1 5808 Main5
98 994 2 3 5823 Main5
330 1022 2 3 5849 Main5
193 1049 2 2 5950 Main5
80 1243 2 3 6317 Main5
42 619 2 2 5765 Main5
52 647 2 2 5724 Main5
57 1143 2 2 6019 Main5
315 1998 2 2 7168 Main5
311 1709 2 2 6641 Main5
203 1155 2 2 6292 Main5
72 1788 1 1 6865 Main5
220 1216 2 2 6395 Main5
238 742 2 3 5896 Main5
219 851 1 1 5978 Main5
118 838 2 3 6006 Main5
300 2361 2 3 7234 Main5
336 658 1 1 5723 Main5
138 1694 1 1 6859 Main5
275 715 1 1 5815 Main5
321 841 2 2 5800 Main5
304 4501 2 3 9331 Main5
70 974 2 3 5823 Main5
184 756 1 1 5790 Main5
22 980 2 2 6061 Main6
252 604 2 2 5629 Main6
306 825 1 1 5961 Main6
84 891 2 2 5893 Main6
242 1066 1 1 5989 Main6
301 1013 1 1 5971 Main6
289 673 2 3 5616 Main6
29 806 2 3 5959 Main6
130 3523 2 3 8699 Main6
343 1899 2 2 6824 Main6
145 1319 2 2 6204 Main6
93 2467 1 1 7664 Main6
235 982 2 2 5987 Main6
305 502 1 1 5622 Main6
269 914 2 3 5902 Main6
349 3498 2 3 8609 Main6
18 4434 2 3 9478 Main6
316 930 2 3 5950 Main6
355 804 2 2 5848 Main6
245 863 1 1 5685 Main6
342 734 2 2 5667 Main6
110 869 2 3 5692 Main6
159 633 1 1 5685 Main6
338 848 2 2 5700 Main6
344 834 2 2 5794 Main6
351 920 2 2 5954 Main6
26 828 2 3 5715 Main6
102 925 2 2 6122 Main6
82 1003 2 2 6125 Main6
271 1205 1 1 6126 Main6
239 892 2 3 5966 Main6
155 727 1 1 5787 Main6
81 2228 2 2 7065 Main6
137 506 2 3 5518 Main6
146 150 2 3 5145 Main6
11 1081 2 2 6024 Main6
257 769 2 3 5885 Main6
360 654 2 3 5855 Main6
291 1182 1 1 6324 Main6
139 1607 2 3 6803 Main6
312 730 2 2 5604 Main6
67 698 2 2 5542 Main6
183 1219 2 3 6181 Main6
280 1708 2 2 6844 Main6
59 805 1 1 5828 Main6
220 1263 2 3 6346 Main6
177 684 1 1 5832 Main6
341 530 2 3 5578 Main6
198 341 2 2 5237 Main6
262 560 1 1 5599 Main6
55 462 2 3 5574 Main6
123 576 2 2 5779 Main6
281 840 1 1 5653 Main6
181 1109 2 3 6099 Main6
122 2152 2 2 7050 Main6
311 2486 1 1 7537 Main6
12 1714 2 2 6533 Main6
141 1590 1 1 6728 Main6
39 1092 2 2 6184 Main6
299 1799 2 3 6811 Main6
