298 4557 2 3 9601 Main1
207 2549 2 3 7500 Main1
79 699 2 2 5774 Main1
168 733 1 1 5837 Main1
35 771 1 1 5878 Main1
120 884 1 1 5781 Main1
107 426 2 2 5429 Main1
213 690 1 1 5917 Main1
235 541 1 1 5765 Main1
325 4820 2 3 9692 Main1
90 4261 2 3 9334 Main1
151 3687 2 2 8775 Main1
230 1253 1 1 6228 Main1
66 1829 2 3 6797 Main1
150 1319 2 3 6205 Main1
112 1051 2 3 6006 Main1
292 846 2 3 5997 Main1
194 1338 1 1 6396 Main1
146 954 1 1 5982 Main1
199 972 2 3 6109 Main1
214 1613 1 1 6542 Main1
314 2159 1 1 7134 Main1
64 2382 2 3 7228 Main1
162 970 2 3 6190 Main1
231 1915 1 1 7131 Main1
100 720 1 1 5690 Main1
70 858 2 3 5958 Main1
59 1072 1 1 6293 Main1
295 1711 2 2 6876 Main1
138 913 1 1 5901 Main1
301 1354 2 3 6318 Main1
333 1025 1 1 6004 Main1
247 537 2 3 5462 Main1
232 2990 2 3 8157 Main1
227 1643 2 2 6781 Main1
99 709 1 1 5565 Main1
359 472 2 2 5668 Main1
195 5576 2 2 10560 Main1
250 553 2 3 5644 Main1
177 1364 1 1 6422 Main1
323 1005 1 1 6029 Main1
268 484 2 2 5685 Main1
143 579 2 3 5545 Main1
260 1838 2 2 6714 Main1
153 1535 1 1 6354 Main1
193 1164 1 1 6104 Main1
201 1312 2 3 6253 Main1
257 975 2 2 6117 Main1
131 1631 1 1 6550 Main1
218 1182 2 3 6237 Main1
39 1916 2 3 7022 Main1
321 1904 1 1 6740 Main1
161 284 1 1 5309 Main1
178 12 2 2 4908 Main1
352 1187 2 2 6303 Main1
156 895 2 3 5870 Main1
337 1088 1 1 6060 Main1
300 1261 1 1 6198 Main1
17 498 2 2 5501 Main1
159 947 2 2 6133 Main1
82 824 2 2 5751 Main2
67 622 1 1 5753 Main2
300 880 2 3 5762 Main2
111 442 2 2 5341 Main2
42 1288 2 2 6349 Main2
129 402 2 3 5585 Main2
258 504 2 2 5506 Main2
133 581 1 1 5509 Main2
102 744 1 1 5845 Main2
192 1086 2 3 6245 Main2
206 1139 2 3 6190 Main2
320 178 1 1 5132 Main2
225 2363 2 3 7278 Main2
217 1862 2 2 6887 Main2
248 861 2 3 5904 Main2
233 1450 2 2 6354 Main2
340 889 2 3 5816 Main2
4 762 1 1 5592 Main2
52 430 2 2 5605 Main2
164 687 2 3 5588 Main2
22 10000 3 1 14943 Main2
229 1298 2 3 6205 Main2
332 492 1 1 5581 Main2
125 1369 2 3 6197 Main2
246 492 2 2 5644 Main2
108 712 2 2 5870 Main2
122 876 2 3 5934 Main2
317 697 2 2 5717 Main2
262 820 2 2 5862 Main2
91 822 2 2 6004 Main2
243 267 2 2 5302 Main2
247 420 2 2 5498 Main2
12 624 1 1 5642 Main2
226 1126 2 3 6261 Main2
170 958 1 1 5893 Main2
2 483 2 2 5572 Main2
16 522 2 3 5653 Main2
177 335 2 2 5409 Main2
174 822 2 3 5849 Main2
55 721 2 3 5651 Main2
58 279 2 2 5256 Main2
186 925 2 3 6118 Main2
268 1480 2 2 6637 Main2
196 719 1 1 5565 Main2
345 407 1 1 5337 Main2
351 794 1 1 5680 Main2
37 736 1 1 5815 Main2
157 627 1 1 5533 Main2
81 576 2 3 5546 Main2
139 1490 2 2 6517 Main2
90 3 2 3 5018 Main2
336 308 2 3 5393 Main2
241 367 2 3 5492 Main2
252 2719 1 1 7851 Main2
219 943 2 2 5801 Main2
127 351 2 3 5417 Main2
355 241 2 3 5405 Main2
359 517 2 2 5578 Main2
296 151 2 2 5130 Main2
69 1014 2 2 6053 Main2
67 415 2 3 5543 Main3
136 46 2 3 4861 Main3
109 2895 2 2 8069 Main3
16 3015 2 3 8126 Main3
349 1123 1 1 6301 Main3
124 692 1 1 5621 Main3
132 712 1 1 5794 Main3
29 599 2 2 5536 Main3
14 736 2 3 5597 Main3
232 726 2 2 5814 Main3
280 497 2 3 5429 Main3
182 617 2 3 5605 Main3
9 795 2 2 5916 Main3
114 783 1 1 5797 Main3
2 699 1 1 5862 Main3
321 854 1 1 5813 Main3
300 677 2 2 5589 Main3
30 1146 2 3 5976 Main3
275 1288 1 1 6329 Main3
108 845 1 1 5877 Main3
187 735 2 3 5645 Main3
135 746 2 3 5597 Main3
144 603 1 1 5461 Main3
271 665 1 1 5709 Main3
289 938 1 1 5813 Main3
38 802 1 1 5718 Main3
357 873 2 2 5901 Main3
62 691 2 3 5749 Main3
243 708 1 1 5686 Main3
263 942 1 1 5812 Main3
218 588 2 3 5796 Main3
328 695 2 2 5726 Main3
20 600 1 1 5732 Main3
260 690 2 2 5663 Main3
221 797 1 1 5853 Main3
242 601 2 3 5414 Main3
266 870 1 1 5684 Main3
229 787 2 3 5790 Main3
72 484 2 3 5645 Main3
171 1173 2 3 6077 Main3
222 671 2 2 5534 Main3
138 588 2 2 5429 Main3
334 1048 1 1 5888 Main3
307 627 2 3 5738 Main3
105 1009 1 1 6089 Main3
335 619 1 1 5757 Main3
355 554 2 2 5557 Main3
356 461 1 1 5310 Main3
256 540 2 3 5494 Main3
351 678 1 1 5573 Main3
55 582 2 2 5715 Main3
257 852 2 2 6008 Main3
354 734 1 1 5861 Main3
154 599 1 1 5664 Main3
68 1037 2 2 6028 Main3
25 619 2 3 5626 Main3
40 516 2 3 5519 Main3
318 281 2 2 5109 Main3
240 386 2 3 5230 Main3
298 506 2 2 5341 Main3
124 617 1 1 5590 Main4
17 558 2 2 5458 Main4
233 598 2 3 5425 Main4
51 615 1 1 5757 Main4
344 740 1 1 5949 Main4
245 877 1 1 5788 Main4
119 786 2 2 5669 Main4
335 795 1 1 5645 Main4
349 637 2 3 5741 Main4
343 656 1 1 5853 Main4
165 623 1 1 5734 Main4
13 614 1 1 5669 Main4
275 549 1 1 5468 Main4
184 526 1 1 5630 Main4
185 593 1 1 5539 Main4
312 1041 2 2 6128 Main4
180 575 2 2 5572 Main4
103 854 1 1 5936 Main4
75 686 1 1 5525 Main4
294 561 1 1 5760 Main4
330 548 2 3 5706 Main4
267 706 2 3 5702 Main4
321 669 1 1 5597 Main4
186 599 2 3 5757 Main4
110 475 1 1 5605 Main4
283 502 1 1 5558 Main4
311 620 2 3 5825 Main4
303 552 2 2 5657 Main4
187 727 1 1 5578 Main4
268 487 1 1 5578 Main4
340 914 2 3 5837 Main4
317 733 2 2 5829 Main4
32 610 1 1 5572 Main4
100 582 2 3 5663 Main4
221 549 2 2 5710 Main4
81 645 2 2 5734 Main4
91 688 1 1 5645 Main4
310 570 2 3 5569 Main4
40 621 1 1 5665 Main4
261 702 1 1 5797 Main4
172 410 2 3 5406 Main4
134 597 1 1 5451 Main4
249 623 2 3 5574 Main4
8 954 2 2 5791 Main4
356 626 1 1 5685 Main4
355 480 2 3 5317 Main4
276 443 2 3 5406 Main4
302 796 2 3 5821 Main4
105 413 2 3 5625 Main4
41 606 1 1 5697 Main4
239 442 2 2 5437 Main4
69 506 2 3 5462 Main4
66 798 1 1 5884 Main4
63 610 2 3 5637 Main4
255 704 1 1 5621 Main4
55 289 2 3 5229 Main4
256 597 2 3 5772 Main4
246 477 2 3 5418 Main4
14 662 2 3 5634 Main4
270 627 1 1 5510 Main4
30 628 2 3 5742 Main5
43 693 2 3 5812 Main5
240 954 2 2 5881 Main5
79 1032 2 2 5987 Main5
263 439 2 3 5549 Main5
308 680 2 2 5673 Main5
319 573 2 3 5698 Main5
11 959 2 3 5854 Main5
8 946 2 2 6006 Main5
108 672 1 1 5525 Main5
311 585 2 3 5675 Main5
131 655 2 3 5704 Main5
6 567 2 3 5693 Main5
180 588 2 2 5681 Main5
305 482 1 1 5416 Main5
158 609 2 3 5749 Main5
281 638 2 2 5829 Main5
2 1013 2 2 6125 Main5
133 537 2 3 5725 Main5
357 540 2 2 5605 Main5
304 466 1 1 5355 Main5
84 697 2 3 5821 Main5
274 785 1 1 5750 Main5
71 484 1 1 5373 Main5
269 617 2 2 5561 Main5
261 1145 1 1 6088 Main5
342 858 1 1 6054 Main5
26 411 2 2 5624 Main5
51 516 1 1 5595 Main5
45 528 1 1 5357 Main5
339 489 2 3 5501 Main5
290 485 2 2 5565 Main5
104 715 2 3 5582 Main5
130 1060 2 3 6030 Main5
69 863 2 3 5939 Main5
302 718 2 3 5806 Main5
216 422 2 3 5622 Main5
182 985 2 3 6184 Main5
242 553 2 2 5580 Main5
331 634 2 2 5578 Main5
54 599 2 3 5557 Main5
191 562 2 3 5699 Main5
85 533 2 2 5607 Main5
124 565 1 1 5430 Main5
58 1174 1 1 6164 Main5
251 557 1 1 5405 Main5
31 289 1 1 5229 Main5
172 227 2 3 5068 Main5
224 338 2 3 5533 Main5
243 402 2 2 5277 Main5
301 327 2 3 5262 Main5
28 286 2 2 5125 Main5
300 256 2 2 5349 Main5
187 351 2 3 5419 Main5
24 487 1 1 5592 Main5
354 392 2 3 5316 Main5
25 387 2 2 5434 Main5
76 280 2 3 5274 Main5
220 308 2 2 5389 Main5
306 321 2 2 5468 Main5
73 367 1 1 5399 Main6
35 528 1 1 5638 Main6
179 311 1 1 5393 Main6
289 322 1 1 5307 Main6
257 338 1 1 5314 Main6
234 502 2 2 5593 Main6
298 380 2 2 5435 Main6
270 343 2 3 5524 Main6
112 427 2 3 5425 Main6
54 378 2 3 5544 Main6
157 392 2 3 5285 Main6
356 692 2 3 5878 Main6
310 417 2 3 5548 Main6
204 432 1 1 5460 Main6
223 317 1 1 5394 Main6
90 280 2 2 5360 Main6
118 339 1 1 5162 Main6
315 519 1 1 5696 Main6
126 549 2 2 5476 Main6
284 365 1 1 5341 Main6
138 317 2 2 5245 Main6
299 416 2 2 5414 Main6
97 384 1 1 5388 Main6
44 432 1 1 5253 Main6
21 510 1 1 5702 Main6
159 380 2 3 5542 Main6
288 336 2 2 5272 Main6
88 304 1 1 5302 Main6
153 434 1 1 5585 Main6
120 212 2 3 5309 Main6
177 221 2 2 5431 Main6
184 537 2 2 5668 Main6
11 342 1 1 5262 Main6
203 294 2 3 5122 Main6
359 756 1 1 5725 Main6
99 357 2 3 5540 Main6
210 259 1 1 5359 Main6
278 428 2 3 5556 Main6
208 444 2 3 5573 Main6
291 463 1 1 5285 Main6
8 337 1 1 5480 Main6
192 398 2 3 5233 Main6
221 639 1 1 5773 Main6
142 635 1 1 5482 Main6
70 370 1 1 5243 Main6
149 317 1 1 5172 Main6
114 348 2 3 5337 Main6
230 384 2 2 5346 Main6
155 342 2 2 5400 Main6
226 274 2 3 5115 Main6
24 328 2 3 5515 Main6
314 626 1 1 5680 Main6
66 514 2 2 5717 Main6
87 168 1 1 5099 Main6
165 372 1 1 5203 Main6
23 436 1 1 5347 Main6
330 356 2 2 5260 Main6
312 523 1 1 5646 Main6
188 496 2 2 5436 Main6
50 308 1 1 5337 Main6
