169 2889 2 2 8061 Main1
210 2272 2 3 7288 Main1
240 1651 2 3 6778 Main1
252 1078 2 2 6060 Main1
97 881 1 1 5823 Main1
34 1162 1 1 6154 Main1
110 1215 2 3 6410 Main1
128 994 1 1 5892 Main1
262 882 2 2 5883 Main1
350 1216 2 3 6293 Main1
231 1094 1 1 6115 Main1
131 1489 2 3 6717 Main1
27 1140 2 3 6244 Main1
173 1406 2 2 6634 Main1
108 1205 1 1 6205 Main1
30 1083 2 2 6007 Main1
299 888 1 1 5866 Main1
85 1149 2 2 6184 Main1
139 1325 2 3 6412 Main1
326 1058 2 3 6165 Main1
187 829 1 1 5701 Main1
316 807 2 3 5720 Main1
204 895 2 2 6217 Main1
184 720 1 1 5894 Main1
216 981 1 1 5883 Main1
256 700 2 3 5767 Main1
235 666 2 2 5775 Main1
163 1060 1 1 6245 Main1
165 819 2 2 5824 Main1
158 1115 2 3 6149 Main1
283 1042 1 1 6177 Main1
88 1323 2 3 6440 Main1
60 772 2 3 5923 Main1
161 724 2 2 5733 Main1
257 576 1 1 5637 Main1
325 1268 2 2 6419 Main1
181 1104 1 1 6461 Main1
114 1038 2 2 6201 Main1
24 895 2 2 6030 Main1
310 947 2 2 5888 Main1
334 241 1 1 5367 Main1
25 288 2 2 5356 Main1
39 1110 1 1 6048 Main1
174 492 2 2 5497 Main1
222 1050 2 2 6052 Main1
212 808 2 2 5934 Main1
203 587 2 2 5456 Main1
280 638 2 2 5630 Main1
61 700 1 1 5621 Main1
260 2179 2 2 7279 Main1
62 826 2 2 6030 Main1
282 842 2 2 5721 Main1
287 1279 2 2 6390 Main1
6 1017 2 2 6059 Main1
191 762 2 2 5666 Main1
151 640 1 1 5848 Main1
329 1337 2 3 6394 Main1
317 738 2 2 5699 Main1
177 533 2 3 5647 Main1
220 816 2 2 6008 Main1
352 500 2 2 5443 Main2
330 564 1 1 5500 Main2
182 438 2 2 5736 Main2
78 821 1 1 5809 Main2
185 793 1 1 5904 Main2
206 790 2 3 6000 Main2
328 1042 2 3 6346 Main2
343 1037 1 1 6253 Main2
86 1203 2 3 6037 Main2
325 862 2 2 6228 Main2
220 921 2 2 6031 Main2
329 945 2 2 6124 Main2
72 1174 2 3 6158 Main2
294 1082 2 2 6168 Main2
56 1068 2 3 6168 Main2
128 1061 1 1 6148 Main2
174 828 2 2 5888 Main2
275 1127 1 1 6408 Main2
278 1146 1 1 6268 Main2
53 781 1 1 5793 Main2
336 1172 1 1 6109 Main2
39 1118 1 1 6157 Main2
89 1132 1 1 6102 Main2
87 1547 2 3 6815 Main2
155 1034 1 1 5986 Main2
311 1137 2 2 6011 Main2
341 1229 1 1 6444 Main2
349 1021 2 3 6321 Main2
228 1155 1 1 6322 Main2
136 1705 2 3 6863 Main2
258 1366 2 2 6507 Main2
236 954 2 3 5994 Main2
302 857 2 2 5816 Main2
260 1089 2 3 6086 Main2
19 1022 2 3 6108 Main2
102 1061 2 2 6176 Main2
355 980 2 2 5971 Main2
144 884 2 2 5784 Main2
109 854 2 3 5970 Main2
287 1085 1 1 5994 Main2
188 1112 2 2 6200 Main2
245 1454 1 1 6594 Main2
309 1112 1 1 6304 Main2
20 818 2 3 5672 Main2
354 986 1 1 6039 Main2
310 1364 2 2 6222 Main2
161 944 2 2 6051 Main2
149 1086 1 1 6222 Main2
171 1148 2 2 5993 Main2
277 1153 1 1 6110 Main2
183 1231 1 1 6330 Main2
225 1011 2 2 6223 Main2
129 1135 1 1 6046 Main2
28 876 2 3 6225 Main2
224 1150 2 2 6095 Main2
54 1011 2 2 6116 Main2
157 991 1 1 6159 Main2
104 954 1 1 6069 Main2
193 872 2 2 5972 Main2
169 806 2 3 6038 Main2
90 906 2 3 6067 Main3
269 934 2 3 5801 Main3
270 1058 1 1 6056 Main3
224 956 1 1 5828 Main3
11 841 2 2 5808 Main3
41 1060 2 2 5987 Main3
48 781 1 1 5932 Main3
36 1003 2 2 5948 Main3
114 1104 2 2 6082 Main3
311 1352 2 2 6371 Main3
113 1331 2 2 6266 Main3
143 956 2 2 6052 Main3
81 1830 2 2 7002 Main3
55 904 2 2 5966 Main3
299 941 2 3 6114 Main3
120 802 2 3 5818 Main3
103 841 1 1 5777 Main3
124 875 1 1 6064 Main3
32 904 2 2 6033 Main3
222 952 2 2 6064 Main3
154 992 1 1 6036 Main3
150 736 2 3 5793 Main3
339 1084 1 1 6146 Main3
101 776 2 2 5698 Main3
316 851 2 3 6050 Main3
104 696 2 2 5820 Main3
227 842 1 1 5745 Main3
1 951 1 1 6066 Main3
291 906 1 1 6131 Main3
191 788 2 2 5727 Main3
54 801 2 2 5790 Main3
188 837 1 1 5895 Main3
147 659 2 3 5619 Main3
336 843 2 2 5678 Main3
75 804 1 1 6028 Main3
327 599 2 3 5487 Main3
133 803 2 3 5804 Main3
166 1033 2 3 5977 Main3
77 792 1 1 5904 Main3
331 964 1 1 6100 Main3
357 990 2 3 5983 Main3
294 903 2 2 5851 Main3
276 1183 2 2 6192 Main3
140 950 2 3 5992 Main3
185 843 1 1 5901 Main3
304 1183 1 1 6332 Main3
20 778 2 3 5640 Main3
52 913 2 2 5794 Main3
25 821 2 2 5812 Main3
282 779 2 2 5728 Main3
4 662 1 1 5569 Main3
352 801 2 2 5746 Main3
325 765 2 2 5920 Main3
148 823 2 3 5737 Main3
186 931 2 3 5829 Main3
285 797 1 1 5744 Main3
277 850 1 1 6117 Main3
153 811 1 1 5813 Main3
226 610 2 3 5710 Main3
230 753 2 3 6084 Main3
142 835 2 2 5904 Main4
85 749 2 2 5724 Main4
334 583 1 1 5468 Main4
259 609 2 3 5674 Main4
313 876 1 1 5972 Main4
30 584 2 3 5520 Main4
228 734 1 1 5786 Main4
137 740 1 1 5968 Main4
357 802 2 2 5953 Main4
243 659 1 1 5637 Main4
197 850 1 1 6012 Main4
46 761 2 3 5748 Main4
25 894 2 2 6117 Main4
332 692 2 2 5711 Main4
193 828 2 2 6031 Main4
344 852 1 1 5857 Main4
63 702 1 1 5938 Main4
2 801 2 2 5928 Main4
258 762 1 1 5954 Main4
219 875 2 2 5835 Main4
302 1289 1 1 6172 Main4
41 813 2 2 6051 Main4
149 874 2 3 5715 Main4
319 619 2 3 5606 Main4
181 550 1 1 5622 Main4
170 540 2 3 5625 Main4
249 599 1 1 5574 Main4
316 652 2 3 5503 Main4
194 568 2 2 5843 Main4
242 654 2 2 5489 Main4
322 562 2 2 5767 Main4
274 688 1 1 5580 Main4
231 875 1 1 6020 Main4
342 878 2 2 5802 Main4
296 624 2 3 5803 Main4
6 755 2 2 5692 Main4
214 1115 1 1 6070 Main4
285 697 1 1 5866 Main4
156 730 2 2 6002 Main4
35 591 1 1 5623 Main4
339 729 1 1 5931 Main4
21 757 1 1 5835 Main4
143 1005 2 2 6347 Main4
326 888 2 3 6035 Main4
69 774 1 1 5864 Main4
17 792 1 1 5871 Main4
328 1086 2 3 6214 Main4
190 884 2 2 6041 Main4
141 812 1 1 5815 Main4
93 738 1 1 5595 Main4
226 680 2 3 5898 Main4
179 893 1 1 5877 Main4
113 763 2 2 5768 Main4
13 618 2 2 5451 Main4
146 834 2 3 5928 Main4
192 741 2 2 5796 Main4
8 810 1 1 5905 Main4
70 1145 2 2 6106 Main4
303 768 1 1 5625 Main4
20 833 2 3 5886 Main4
93 813 1 1 5746 Main5
151 851 1 1 5859 Main5
261 750 1 1 5895 Main5
358 621 1 1 5488 Main5
8 641 1 1 5693 Main5
186 609 1 1 5825 Main5
33 667 1 1 5583 Main5
154 678 1 1 5944 Main5
65 935 1 1 5867 Main5
120 642 1 1 5728 Main5
205 892 2 2 6117 Main5
137 1084 1 1 6279 Main5
315 655 2 2 5547 Main5
119 701 2 3 5893 Main5
153 689 1 1 5903 Main5
76 684 2 3 5796 Main5
192 652 2 2 5699 Main5
172 640 2 2 5871 Main5
237 739 2 3 5913 Main5
246 640 2 2 5866 Main5
335 738 1 1 5968 Main5
94 1205 1 1 6244 Main5
174 737 2 2 5922 Main5
73 682 2 2 5537 Main5
58 515 2 3 5415 Main5
92 678 2 2 5622 Main5
294 1103 2 2 6027 Main5
173 830 2 2 5853 Main5
268 598 2 3 5735 Main5
159 844 1 1 5840 Main5
165 771 1 1 5664 Main5
235 748 2 2 5952 Main5
326 694 2 3 5687 Main5
140 870 2 3 5898 Main5
112 757 2 2 5656 Main5
190 832 2 2 6029 Main5
226 846 2 3 5714 Main5
224 747 2 2 5955 Main5
296 665 2 3 5798 Main5
198 848 1 1 5886 Main5
81 1009 1 1 6132 Main5
169 1081 2 3 6292 Main5
147 944 2 3 6148 Main5
252 781 2 2 5878 Main5
115 803 2 2 6017 Main5
156 838 2 2 6027 Main5
36 685 2 2 6043 Main5
14 872 2 2 6081 Main5
225 892 1 1 5832 Main5
227 703 1 1 5957 Main5
118 816 2 3 6027 Main5
275 783 1 1 5977 Main5
183 726 1 1 5740 Main5
72 149 2 2 5256 Main5
189 907 1 1 5990 Main5
99 931 1 1 6132 Main5
262 888 2 2 5942 Main5
128 1071 1 1 6068 Main5
293 961 2 2 6044 Main5
313 1007 1 1 6172 Main5
203 730 2 2 5579 Main6
316 700 2 3 5898 Main6
10 796 2 2 5859 Main6
3 1203 1 1 6211 Main6
72 657 2 2 5714 Main6
140 701 2 3 5919 Main6
165 1601 2 2 6564 Main6
349 883 2 3 5892 Main6
207 1317 2 3 6233 Main6
224 719 2 2 5837 Main6
243 755 1 1 5720 Main6
357 468 2 3 5341 Main6
217 706 1 1 5982 Main6
198 661 2 2 5610 Main6
200 582 2 3 5893 Main6
150 650 1 1 5886 Main6
220 837 2 3 6067 Main6
21 815 1 1 5902 Main6
244 717 1 1 5899 Main6
188 816 1 1 5868 Main6
302 581 2 2 5545 Main6
40 735 2 2 5735 Main6
155 773 1 1 5742 Main6
61 692 1 1 5880 Main6
306 963 2 3 6193 Main6
42 807 2 2 6021 Main6
345 846 1 1 5895 Main6
279 790 1 1 5651 Main6
295 1031 2 2 5920 Main6
97 752 1 1 5784 Main6
64 783 1 1 5752 Main6
89 717 2 3 5956 Main6
146 738 2 3 5818 Main6
288 605 1 1 5625 Main6
327 904 2 3 6001 Main6
19 723 2 3 5938 Main6
166 944 2 3 6169 Main6
218 691 1 1 5636 Main6
307 681 1 1 5905 Main6
278 781 1 1 5621 Main6
341 728 2 2 5875 Main6
128 750 1 1 5743 Main6
238 664 2 3 5798 Main6
331 808 1 1 6046 Main6
253 722 2 2 5686 Main6
242 855 2 2 5998 Main6
234 695 2 2 5862 Main6
266 933 2 3 5956 Main6
309 744 1 1 5670 Main6
181 687 1 1 5741 Main6
151 1036 1 1 5899 Main6
333 700 1 1 5614 Main6
36 617 2 2 5663 Main6
264 727 1 1 5593 Main6
237 652 2 3 5542 Main6
49 762 2 3 5806 Main6
141 860 1 1 5728 Main6
332 748 2 2 5830 Main6
98 883 1 1 6202 Main6
163 743 2 2 5752 Main6
